10.d0 10.d0 10.d0 Angstrom
00   1.0000000000000000   1.0000000000000000   1.00d0
01   1.0000000000000000   1.0000000000000000   1.05d0
02   1.0000000000000000   1.0000000000000000   1.10d0
03   1.0000000000000000   1.0000000000000000   1.15d0
04   1.0000000000000000   1.0000000000000000   1.20d0
05   1.0000000000000000   1.0000000000000000   1.25d0
06   1.0000000000000000   1.0000000000000000   1.30d0
07   1.0000000000000000   1.0000000000000000   1.35d0
08   1.0000000000000000   1.0000000000000000   1.40d0
09   1.0000000000000000   1.0000000000000000   1.45d0
10   1.0000000000000000   1.0000000000000000   1.50d0
11   1.0000000000000000   1.0000000000000000   1.55d0
12   1.0000000000000000   1.0000000000000000   1.60d0
13   1.0000000000000000   1.0000000000000000   1.65d0
14   1.0000000000000000   1.0000000000000000   1.70d0
15   1.0000000000000000   1.0000000000000000   1.75d0
16   1.0000000000000000   1.0000000000000000   1.80d0
17   1.0000000000000000   1.0000000000000000   1.85d0
18   1.0000000000000000   1.0000000000000000   1.90d0
19   1.0000000000000000   1.0000000000000000   1.95d0
20   1.0000000000000000   1.0000000000000000   2.00d0
21   1.0000000000000000   1.0000000000000000   2.05d0
22   1.0000000000000000   1.0000000000000000   2.10d0
23   1.0000000000000000   1.0000000000000000   2.15d0
24   1.0000000000000000   1.0000000000000000   2.20d0
25   1.0000000000000000   1.0000000000000000   2.25d0
26   1.0000000000000000   1.0000000000000000   2.30d0
27   1.0000000000000000   1.0000000000000000   2.35d0
28   1.0000000000000000   1.0000000000000000   2.40d0
29   1.0000000000000000   1.0000000000000000   2.45d0
30   1.0000000000000000   1.0000000000000000   2.50d0
