        29         1      -30.55483846549349635779        1.00000000000000000000       12.43720414662946360806
        29         2      -30.55082088320803279657        1.00000000000000000000       12.43377896376717295368
        29         3      -27.70138687639262187190        1.00000000000000000000        9.96331221399492328317
        29         4      -27.70138675851498177849        1.00000000000000000000        9.97109733792338381875
        29         5      -27.69924812502512523338        1.00000000000000000000        9.95967166663022673845
        29         6      -27.69924800715882895474        1.00000000000000000000        9.96743382494173957298
        29         7      -22.27112426036146430874        1.00000000000000000000       21.27967891233341291013
        29         8      -22.27112424614660568523        1.00000000000000000000       22.10965372656358951531
        29         9      -22.27006189113111389588        1.00000000000000000000       21.27496827467025397596
        29        10      -22.27006187693496741531        1.00000000000000000000       22.10443619716466656655
        29        11      -19.51158480429441510751        1.00000000000000000000       31.47085240793980176477
        29        12      -19.51134832020195020164        1.00000000000000000000       31.47164794037316681852
        29        13      -17.67020537984777561746        1.00000000000000000000       28.04170824677198936570
        29        14      -17.66933761168863625812        1.00000000000000000000       28.04168237114578587921
        29        15      -16.34984589319793713003        1.00000000000000000000       26.43091535431819139035
        29        16      -16.34984570122833247297        1.00000000000000000000       16.49380073171960248146
        29        17      -16.34949799177158169528        1.00000000000000000000       26.43211797793546224966
        29        18      -16.34949779981281992036        1.00000000000000000000       16.49378490347335457500
        29        19      -15.34883640265670301517        0.99999999999999977796       16.00000008519479877123
        29        20      -15.34877487943799501124        0.99999999999999977796       16.00000008521841365905
        29        21      -15.17652704623362858172        0.99999999999999911182       12.00000386188126100251
        29        22      -15.17360343784520715360        0.99999999999999911182       12.00000385919881651375
        29        23      -14.50714173788593974734        0.99999999999986943777       18.74218962422859746653
        29        24      -14.50714161455637274400        0.99999999999986943777       18.93203681185208253623
        29        25      -14.50691384396492367159        0.99999999999986921573       18.74243353280167312391
        29        26      -14.50691372062780359897        0.99999999999986921573       18.93215598216319150993
        29        27      -13.32719143576520615113        0.99999999923795535040        8.00000110624769433798
        29        28      -13.32719134944973760071        0.99999999923795490631        8.00000104905089770568
        29        29      -13.32397453772261997074        0.99999999921972326788        8.00000110685751586459
        29        30      -13.32397445124851209641        0.99999999921972282380        8.00000104964959035669
        29        31       -7.61861275791095948762        0.00000000078767636278        8.00000040088449004827
        29        32       -7.61861272798765742920        0.00000000078767618955        8.00000037606968916748
        29        33       -7.61106178588353809999        0.00000000074515266259        8.00000040114321286921
        29        34       -7.61106175581866484237        0.00000000074515249793        8.00000037652181283931
        29        35       -2.81628649356425242445        0.00000000000000000000       12.00000023311440955354
        29        36       -2.81016935964728631347        0.00000000000000000000       12.00000023329171305875
        29        37        6.95963741833609184084        0.00000000000000000000       19.66664685773255882850
        29        38        6.95963756030979130429        0.00000000000000000000       19.66850001260334224185
        29        39        6.96264139348842192589        0.00000000000000000000       19.66708235141455674011
        29        40        6.96264153543895059073        0.00000000000000000000       19.66894647602376267059
        29        41       17.62987266540034525519        0.00000000000000000000       30.15283627237938546273
        29        42       17.63497991715284385350        0.00000000000000000000       30.14453267415822068642
        29        43       18.22927375332925947760        0.00000000000000000000       15.43428801157847196635
        29        44       18.22927403595309314710        0.00000000000000000000       23.33454814312959868516
        29        45       18.23255270601060473723        0.00000000000000000000       15.43529489813728616809
        29        46       18.23255298910656563294        0.00000000000000000000       23.33542243094997914454
        29        47       19.80679192206386929342        0.00000000000000000000       16.00000134244167071529
        29        48       19.80733054549027727376        0.00000000000000000000       16.00000134439103760542
        29        49       25.06621890238944061480        0.00000000000000000000       30.55516144195066630118
        29        50       25.07071233384296604640        0.00000000000000000000       30.55367238690233477882
        29        51       41.02233964935816601383        0.00000000000000000000       30.21347188623849433498
        29        52       41.02233987438438589379        0.00000000000000000000       22.97291464716378328603
        29        53       41.02647414121320679214        0.00000000000000000000       30.21581248393576402123
        29        54       41.02647436567776395577        0.00000000000000000000       22.97595353614954660770
        29        55       51.18748380803541664363        0.00000000000000000000       13.98609814162002606963
        29        56       51.18748560525671109644        0.00000000000000000000       13.71753372476538146429
        29        57       51.19250435389927389451        0.00000000000000000000       13.98677461974826030655
        29        58       51.19250615058621889375        0.00000000000000000000       13.71825587955949643515
        29        59       69.32768423673935842544        0.00000000000000000000       19.23744534629128466463
        29        60       69.33036538571128915009        0.00000000000000000000       19.23650228746665646895
