   1 0.466E+00 0.466E+00 0.466E+00    0.00000E+00       -3.08153E+01  -2.91722E+01  -1.81006E+01  -1.81006E+01  -8.06250E+00  -4.95760E+00  -4.95760E+00   1.11398E+00   1.11398E+00   2.99320E+00   2.99320E+00   4.90353E+00   4.90353E+00   4.96021E+00   6.58127E+00   7.40925E+00   7.40925E+00   2.27979E+01
   2 0.454E+00 0.454E+00 0.454E+00    0.20698E-01       -3.08774E+01  -2.91029E+01  -1.80968E+01  -1.80968E+01  -8.06748E+00  -4.95230E+00  -4.95230E+00   1.03690E+00   1.03690E+00   3.20254E+00   3.20254E+00   4.83270E+00   4.83270E+00   4.88658E+00   6.64991E+00   7.41481E+00   7.41481E+00   2.28062E+01
   3 0.442E+00 0.442E+00 0.442E+00    0.41395E-01       -3.10391E+01  -2.89191E+01  -1.80853E+01  -1.80853E+01  -8.08219E+00  -4.93684E+00  -4.93684E+00   8.78733E-01   8.78733E-01   3.75617E+00   3.75617E+00   4.63174E+00   4.63174E+00   4.69409E+00   6.82711E+00   7.42596E+00   7.42596E+00   2.28293E+01
   4 0.430E+00 0.430E+00 0.430E+00    0.62093E-01       -3.12578E+01  -2.86634E+01  -1.80663E+01  -1.80663E+01  -8.10598E+00  -4.91249E+00  -4.91249E+00   7.32482E-01   7.32482E-01   4.32647E+00   4.32647E+00   4.43050E+00   4.55566E+00   4.55566E+00   7.06407E+00   7.43417E+00   7.43417E+00   2.28620E+01
   5 0.418E+00 0.418E+00 0.418E+00    0.82790E-01       -3.15037E+01  -2.83654E+01  -1.80400E+01  -1.80400E+01  -8.13771E+00  -4.88124E+00  -4.88124E+00   6.35920E-01   6.35920E-01   3.95583E+00   3.95583E+00   4.12725E+00   5.52368E+00   5.52368E+00   7.32726E+00   7.45233E+00   7.45233E+00   2.28994E+01
   6 0.406E+00 0.406E+00 0.406E+00    0.10349E+00       -3.17609E+01  -2.80407E+01  -1.80067E+01  -1.80067E+01  -8.17584E+00  -4.84552E+00  -4.84552E+00   5.95663E-01   5.95663E-01   3.54955E+00   3.54955E+00   3.80037E+00   6.47672E+00   6.47672E+00   7.59702E+00   7.62843E+00   7.62843E+00   2.29399E+01
   7 0.394E+00 0.394E+00 0.394E+00    0.12419E+00       -3.20207E+01  -2.76976E+01  -1.79666E+01  -1.79666E+01  -8.21842E+00  -4.80806E+00  -4.80806E+00   6.02560E-01   6.02560E-01   3.14352E+00   3.14352E+00   3.45782E+00   6.84649E+00   6.84649E+00   7.85991E+00   8.47634E+00   8.47634E+00   2.29891E+01
   8 0.382E+00 0.382E+00 0.382E+00    0.14488E+00       -3.22785E+01  -2.73404E+01  -1.79199E+01  -1.79199E+01  -8.26315E+00  -4.77157E+00  -4.77157E+00   6.33055E-01   6.33055E-01   2.77789E+00   2.77789E+00   3.10375E+00   6.80561E+00   6.80561E+00   8.10449E+00   9.73089E+00   9.73089E+00   2.30613E+01
   9 0.370E+00 0.370E+00 0.370E+00    0.16558E+00       -3.25313E+01  -2.69715E+01  -1.78669E+01  -1.78669E+01  -8.30751E+00  -4.73868E+00  -4.73868E+00   6.44940E-01   6.44940E-01   2.50416E+00   2.50416E+00   2.74051E+00   6.66750E+00   6.66750E+00   8.31987E+00   1.09321E+01   1.09321E+01   2.31786E+01
  10 0.358E+00 0.358E+00 0.358E+00    0.18628E+00       -3.27774E+01  -2.65925E+01  -1.78079E+01  -1.78079E+01  -8.34885E+00  -4.71184E+00  -4.71184E+00   5.85588E-01   5.85588E-01   2.36968E+00   2.37702E+00   2.37702E+00   6.49701E+00   6.49701E+00   8.49614E+00   1.18245E+01   1.18245E+01   2.33676E+01
  11 0.347E+00 0.347E+00 0.347E+00    0.20698E+00       -3.30154E+01  -2.62041E+01  -1.77428E+01  -1.77428E+01  -8.38458E+00  -4.69341E+00  -4.69341E+00   4.35183E-01   4.35183E-01   1.99247E+00   2.41040E+00   2.41040E+00   6.31971E+00   6.31971E+00   8.62577E+00   1.21983E+01   1.21983E+01   2.36539E+01
  12 0.335E+00 0.335E+00 0.335E+00    0.22767E+00       -3.32445E+01  -2.58071E+01  -1.76719E+01  -1.76719E+01  -8.41227E+00  -4.68577E+00  -4.68577E+00   2.27845E-01   2.27845E-01   1.61002E+00   2.55524E+00   2.55524E+00   6.15473E+00   6.15473E+00   8.70549E+00   1.19374E+01   1.19374E+01   2.40560E+01
  13 0.323E+00 0.323E+00 0.323E+00    0.24837E+00       -3.34639E+01  -2.54018E+01  -1.75953E+01  -1.75953E+01  -8.42990E+00  -4.69131E+00  -4.69131E+00   8.57064E-03   8.57064E-03   1.22338E+00   2.74162E+00   2.74162E+00   6.01791E+00   6.01791E+00   8.73742E+00   1.10794E+01   1.10794E+01   2.45803E+01
  14 0.311E+00 0.311E+00 0.311E+00    0.26907E+00       -3.36728E+01  -2.49887E+01  -1.75132E+01  -1.75132E+01  -8.43588E+00  -4.71241E+00  -4.71241E+00  -1.95529E-01  -1.95529E-01   8.33544E-01   2.90841E+00   2.90841E+00   5.91195E+00   5.91195E+00   8.72906E+00   9.81884E+00   9.81884E+00   2.52177E+01
  15 0.299E+00 0.299E+00 0.299E+00    0.28977E+00       -3.38708E+01  -2.45681E+01  -1.74259E+01  -1.74259E+01  -8.42925E+00  -4.75121E+00  -4.75121E+00  -3.75389E-01  -3.75389E-01   4.41368E-01   3.00674E+00   3.00674E+00   5.78637E+00   5.78637E+00   8.47169E+00   8.47169E+00   8.69188E+00   2.59427E+01
  16 0.287E+00 0.287E+00 0.287E+00    0.31046E+00       -3.40573E+01  -2.41401E+01  -1.73336E+01  -1.73336E+01  -8.40968E+00  -4.80952E+00  -4.80952E+00  -5.36069E-01  -5.36069E-01   4.75356E-02   2.99226E+00   2.99226E+00   5.44495E+00   5.44495E+00   7.49177E+00   7.49177E+00   8.63936E+00   2.67138E+01
  17 0.275E+00 0.275E+00 0.275E+00    0.33116E+00       -3.42320E+01  -2.37051E+01  -1.72368E+01  -1.72368E+01  -8.37750E+00  -4.88885E+00  -4.88885E+00  -6.94530E-01  -6.94530E-01  -3.47458E-01   2.79038E+00   2.79038E+00   4.81274E+00   4.81274E+00   7.19277E+00   7.19277E+00   8.58492E+00   2.74742E+01
  18 0.263E+00 0.263E+00 0.263E+00    0.35186E+00       -3.43947E+01  -2.32635E+01  -1.71358E+01  -1.71358E+01  -8.33374E+00  -4.99064E+00  -4.99064E+00  -8.75649E-01  -8.75649E-01  -7.43292E-01   2.31886E+00   2.31886E+00   4.36904E+00   4.36904E+00   7.28710E+00   7.28710E+00   8.54043E+00   2.81540E+01
  19 0.251E+00 0.251E+00 0.251E+00    0.37256E+00       -3.45450E+01  -2.28154E+01  -1.70313E+01  -1.70313E+01  -8.27999E+00  -5.11644E+00  -5.11644E+00  -1.13977E+00  -1.10019E+00  -1.10019E+00   1.71402E+00   1.71402E+00   4.27999E+00   4.27999E+00   7.53496E+00   7.53496E+00   8.51498E+00   2.86734E+01
  20 0.239E+00 0.239E+00 0.239E+00    0.39325E+00       -3.46830E+01  -2.23613E+01  -1.69235E+01  -1.69235E+01  -8.21839E+00  -5.26757E+00  -5.26757E+00  -1.53676E+00  -1.36425E+00  -1.36425E+00   1.17949E+00   1.17949E+00   4.41687E+00   4.41687E+00   7.87875E+00   7.87875E+00   8.51417E+00   2.89479E+01
  21 0.227E+00 0.227E+00 0.227E+00    0.41395E+00       -3.48086E+01  -2.19018E+01  -1.68129E+01  -1.68129E+01  -8.15146E+00  -5.44388E+00  -5.44388E+00  -1.93410E+00  -1.63152E+00  -1.63152E+00   7.67883E-01   7.67883E-01   4.68666E+00   4.68666E+00   8.33903E+00   8.33903E+00   8.53928E+00   2.88969E+01
  22 0.215E+00 0.215E+00 0.215E+00    0.43465E+00       -3.49220E+01  -2.14375E+01  -1.67000E+01  -1.67000E+01  -8.08194E+00  -5.64215E+00  -5.64215E+00  -2.33153E+00  -1.85652E+00  -1.85652E+00   4.56319E-01   4.56319E-01   5.01828E+00   5.01828E+00   8.58670E+00   8.98445E+00   8.98445E+00   2.84536E+01
  23 0.203E+00 0.203E+00 0.203E+00    0.45535E+00       -3.50236E+01  -2.09692E+01  -1.65849E+01  -1.65849E+01  -8.01264E+00  -5.85561E+00  -5.85561E+00  -2.72858E+00  -2.01122E+00  -2.01122E+00   2.19141E-01   2.19141E-01   5.34126E+00   5.34126E+00   8.64722E+00   9.91133E+00   9.91133E+00   2.75770E+01
  24 0.191E+00 0.191E+00 0.191E+00    0.47604E+00       -3.51136E+01  -2.04979E+01  -1.64679E+01  -1.64679E+01  -7.94620E+00  -6.07520E+00  -6.07520E+00  -3.12455E+00  -2.09031E+00  -2.09031E+00   4.83866E-02   4.83866E-02   5.60647E+00   5.60647E+00   8.70557E+00   1.12105E+01   1.12105E+01   2.62613E+01
  25 0.179E+00 0.179E+00 0.179E+00    0.49674E+00       -3.51925E+01  -2.00252E+01  -1.63492E+01  -1.63492E+01  -7.88500E+00  -6.29194E+00  -6.29194E+00  -3.51846E+00  -2.10441E+00  -2.10441E+00  -4.75060E-02  -4.75060E-02   5.80312E+00   5.80312E+00   8.74012E+00   1.29454E+01   1.29454E+01   2.45422E+01
  26 0.167E+00 0.167E+00 0.167E+00    0.51744E+00       -3.52609E+01  -1.95526E+01  -1.62290E+01  -1.62290E+01  -7.83099E+00  -6.49861E+00  -6.49861E+00  -3.90901E+00  -2.07226E+00  -2.07226E+00  -4.92183E-02  -4.92183E-02   5.94723E+00   5.94723E+00   8.72264E+00   1.51589E+01   1.51589E+01   2.24970E+01
  27 0.155E+00 0.155E+00 0.155E+00    0.53814E+00       -3.53194E+01  -1.90822E+01  -1.61076E+01  -1.61076E+01  -7.78567E+00  -6.69030E+00  -6.69030E+00  -4.29460E+00  -2.01265E+00  -2.01265E+00   6.57299E-02   6.57299E-02   6.06280E+00   6.06280E+00   8.61746E+00   1.78824E+01   1.78824E+01   2.02417E+01
  28 0.143E+00 0.143E+00 0.143E+00    0.55883E+00       -3.53687E+01  -1.86165E+01  -1.59852E+01  -1.59852E+01  -7.75003E+00  -6.86419E+00  -6.86419E+00  -4.67336E+00  -1.93499E+00  -1.93499E+00   3.12524E-01   3.12524E-01   6.17273E+00   6.17273E+00   8.37911E+00   1.79250E+01   2.11267E+01   2.11267E+01
  29 0.131E+00 0.131E+00 0.131E+00    0.57953E+00       -3.54093E+01  -1.81585E+01  -1.58624E+01  -1.58624E+01  -7.72457E+00  -7.01893E+00  -7.01893E+00  -5.04325E+00  -1.83365E+00  -1.83365E+00   6.91457E-01   6.91457E-01   6.29724E+00   6.29724E+00   7.94961E+00   1.57246E+01   2.48504E+01   2.48504E+01
  30 0.119E+00 0.119E+00 0.119E+00    0.60023E+00       -3.54421E+01  -1.77116E+01  -1.57402E+01  -1.57402E+01  -7.70928E+00  -7.15422E+00  -7.15422E+00  -5.40219E+00  -1.69080E+00  -1.69080E+00   1.18808E+00   1.18808E+00   6.45522E+00   6.45522E+00   7.26963E+00   1.38293E+01   2.89065E+01   2.89065E+01
  31 0.108E+00 0.108E+00 0.108E+00    0.62093E+00       -3.54678E+01  -1.72800E+01  -1.56200E+01  -1.56200E+01  -7.70350E+00  -7.27046E+00  -7.27046E+00  -5.74825E+00  -1.48287E+00  -1.48287E+00   1.77607E+00   1.77607E+00   6.33861E+00   6.66626E+00   6.66626E+00   1.23733E+01   3.29763E+01   3.29763E+01
  32 0.956E-01 0.956E-01 0.956E-01    0.64162E+00       -3.54870E+01  -1.68682E+01  -1.55036E+01  -1.55036E+01  -7.70579E+00  -7.36856E+00  -7.36856E+00  -6.07989E+00  -1.18442E+00  -1.18442E+00   2.41745E+00   2.41745E+00   5.29529E+00   6.95193E+00   6.95193E+00   1.13501E+01   3.65274E+01   3.65274E+01
  33 0.836E-01 0.836E-01 0.836E-01    0.66232E+00       -3.55007E+01  -1.64815E+01  -1.53936E+01  -1.53936E+01  -7.71375E+00  -7.44980E+00  -7.44980E+00  -6.39585E+00  -7.69108E-01  -7.69108E-01   3.06269E+00   3.06269E+00   4.37283E+00   7.33367E+00   7.33367E+00   1.06475E+01   3.88735E+01   3.88735E+01
  34 0.717E-01 0.717E-01 0.717E-01    0.68302E+00       -3.55099E+01  -1.61253E+01  -1.52924E+01  -1.52924E+01  -7.72438E+00  -7.51571E+00  -7.51571E+00  -6.69418E+00  -2.10221E-01  -2.10221E-01   3.65786E+00   3.65786E+00   3.76850E+00   7.82274E+00   7.82274E+00   1.01631E+01   3.94035E+01   3.94035E+01
  35 0.597E-01 0.597E-01 0.597E-01    0.70372E+00       -3.55155E+01  -1.58056E+01  -1.52027E+01  -1.52027E+01  -7.73491E+00  -7.56793E+00  -7.56793E+00  -6.97048E+00   5.17252E-01   5.17252E-01   3.57793E+00   4.16137E+00   4.16137E+00   8.40209E+00   8.40209E+00   9.84794E+00   3.79102E+01   3.79102E+01
  36 0.478E-01 0.478E-01 0.478E-01    0.72442E+00       -3.55186E+01  -1.55285E+01  -1.51270E+01  -1.51270E+01  -7.74409E+00  -7.60812E+00  -7.60812E+00  -7.21656E+00   1.42987E+00   1.42987E+00   3.77982E+00   4.55708E+00   4.55708E+00   9.01464E+00   9.01464E+00   9.69502E+00   3.47712E+01   3.47712E+01
  37 0.358E-01 0.358E-01 0.358E-01    0.74511E+00       -3.55201E+01  -1.53009E+01  -1.50668E+01  -1.50668E+01  -7.75289E+00  -7.63776E+00  -7.63776E+00  -7.42090E+00   2.51787E+00   2.51787E+00   4.23640E+00   4.84961E+00   4.84961E+00   9.57266E+00   9.57266E+00   9.71455E+00   3.08091E+01   3.08091E+01
  38 0.239E-01 0.239E-01 0.239E-01    0.76581E+00       -3.55208E+01  -1.51305E+01  -1.50234E+01  -1.50234E+01  -7.76489E+00  -7.65805E+00  -7.65805E+00  -7.56985E+00   3.70176E+00   3.70176E+00   4.73399E+00   5.05015E+00   5.05015E+00   9.88956E+00   9.98166E+00   9.98166E+00   2.69810E+01   2.69810E+01
  39 0.119E-01 0.119E-01 0.119E-01    0.78651E+00       -3.55210E+01  -1.50245E+01  -1.49972E+01  -1.49972E+01  -7.78368E+00  -7.66987E+00  -7.66987E+00  -7.65145E+00   4.74406E+00   4.74406E+00   5.08544E+00   5.16751E+00   5.16751E+00   1.01152E+01   1.01811E+01   1.01811E+01   2.41778E+01   2.41778E+01
  40 0.000E+00 0.000E+00 0.000E+00    0.80721E+00       -3.55211E+01  -1.49885E+01  -1.49885E+01  -1.49885E+01  -7.79551E+00  -7.67375E+00  -7.67375E+00  -7.67375E+00   5.19158E+00   5.19158E+00   5.20723E+00   5.20723E+00   5.20723E+00   1.02201E+01   1.02201E+01   1.02201E+01   2.31354E+01   2.31354E+01
  41 0.000E+00 0.000E+00 0.000E+00    0.80721E+00       -3.55211E+01  -1.49885E+01  -1.49885E+01  -1.49885E+01  -7.79551E+00  -7.67375E+00  -7.67375E+00  -7.67375E+00   5.19158E+00   5.19158E+00   5.20723E+00   5.20723E+00   5.20723E+00   1.02201E+01   1.02201E+01   1.02201E+01   2.31354E+01   2.31354E+01
  42 0.000E+00 0.239E-01 0.000E+00    0.83110E+00       -3.55210E+01  -1.50148E+01  -1.50120E+01  -1.50098E+01  -7.78432E+00  -7.69625E+00  -7.64451E+00  -7.64098E+00   4.41485E+00   5.10056E+00   5.16532E+00   5.19836E+00   5.21346E+00   9.88665E+00   1.00342E+01   1.01918E+01   2.28982E+01   2.42671E+01
  43 0.000E+00 0.478E-01 0.000E+00    0.85500E+00       -3.55206E+01  -1.50924E+01  -1.50812E+01  -1.50732E+01  -7.79061E+00  -7.71633E+00  -7.55777E+00  -7.54390E+00   2.86210E+00   4.76249E+00   5.08918E+00   5.14127E+00   5.23586E+00   9.01758E+00   9.56539E+00   1.01000E+01   2.22067E+01   2.58243E+01
  44 0.000E+00 0.717E-01 0.000E+00    0.87890E+00       -3.55195E+01  -1.52174E+01  -1.51930E+01  -1.51775E+01  -7.86751E+00  -7.65815E+00  -7.41625E+00  -7.38621E+00   1.47892E+00   4.16672E+00   4.91319E+00   4.97052E+00   5.27429E+00   7.97491E+00   9.01450E+00   9.94028E+00   2.11181E+01   2.50174E+01
  45 0.000E+00 0.956E-01 0.000E+00    0.90280E+00       -3.55168E+01  -1.53838E+01  -1.53426E+01  -1.53202E+01  -7.93769E+00  -7.56899E+00  -7.22396E+00  -7.17388E+00   5.84297E-01   3.34723E+00   4.28636E+00   4.82002E+00   5.33210E+00   7.23836E+00   8.54473E+00   9.71315E+00   1.97175E+01   2.15995E+01
  46 0.000E+00 0.119E+00 0.000E+00    0.92670E+00       -3.55113E+01  -1.55857E+01  -1.55248E+01  -1.54980E+01  -7.97845E+00  -7.45573E+00  -6.98556E+00  -6.91498E+00   1.83005E-01   2.42006E+00   3.27094E+00   4.64981E+00   5.41902E+00   6.97540E+00   8.19643E+00   9.42116E+00   1.74889E+01   1.81055E+01
  47 0.000E+00 0.143E+00 0.000E+00    0.95060E+00       -3.55017E+01  -1.58179E+01  -1.57337E+01  -1.57065E+01  -8.00265E+00  -7.31888E+00  -6.70598E+00  -6.61932E+00   1.62002E-01   1.51577E+00   2.17501E+00   4.47168E+00   5.55846E+00   6.96353E+00   7.93356E+00   9.07276E+00   1.42439E+01   1.63837E+01
  48 0.000E+00 0.167E+00 0.000E+00    0.97450E+00       -3.54866E+01  -1.60771E+01  -1.59642E+01  -1.59406E+01  -8.03616E+00  -7.16209E+00  -6.39022E+00  -6.29811E+00   3.47515E-01   7.22823E-01   1.18914E+00   4.29577E+00   5.78512E+00   7.02900E+00   7.70990E+00   8.68928E+00   1.23630E+01   1.46431E+01
  49 0.000E+00 0.191E+00 0.000E+00    0.99840E+00       -3.54647E+01  -1.63605E+01  -1.62115E+01  -1.61948E+01  -8.09523E+00  -6.99192E+00  -6.04341E+00  -5.96331E+00   8.39205E-02   3.73109E-01   5.64890E-01   4.12980E+00   6.09389E+00   7.09110E+00   7.49253E+00   8.29543E+00   1.18567E+01   1.29563E+01
  50 0.000E+00 0.215E+00 0.000E+00    0.10223E+01       -3.54350E+01  -1.66653E+01  -1.64712E+01  -1.64638E+01  -8.18240E+00  -6.81450E+00  -5.67109E+00  -5.62661E+00  -3.87909E-01  -2.65552E-01   7.42169E-01   3.97874E+00   6.40140E+00   7.10854E+00   7.26314E+00   7.88774E+00   1.13751E+01   1.26327E+01
  51 0.000E+00 0.239E+00 0.000E+00    0.10462E+01       -3.53962E+01  -1.69885E+01  -1.67424E+01  -1.67400E+01  -8.29277E+00  -6.63566E+00  -5.29774E+00  -5.27951E+00  -7.36232E-01  -6.95739E-01   9.23586E-01   3.84491E+00   6.66353E+00   7.01534E+00   7.06015E+00   7.47321E+00   9.93162E+00   1.44518E+01
  52 0.000E+00 0.263E+00 0.000E+00    0.10701E+01       -3.53473E+01  -1.73274E+01  -1.70262E+01  -1.70146E+01  -8.41930E+00  -6.46250E+00  -4.98212E+00  -4.87614E+00  -1.05131E+00  -8.51597E-01   1.17711E+00   3.72833E+00   6.75221E+00   6.87892E+00   6.94003E+00   7.11911E+00   8.64165E+00   1.69591E+01
  53 0.000E+00 0.287E+00 0.000E+00    0.10940E+01       -3.52873E+01  -1.76795E+01  -1.73114E+01  -1.72925E+01  -8.55495E+00  -6.30358E+00  -4.67875E+00  -4.46983E+00  -1.22077E+00  -8.73592E-01   1.53180E+00   3.62711E+00   6.48408E+00   6.69343E+00   6.75581E+00   7.25268E+00   7.50899E+00   1.97928E+01
  54 0.000E+00 0.311E+00 0.000E+00    0.11179E+01       -3.52153E+01  -1.80427E+01  -1.75951E+01  -1.75714E+01  -8.69334E+00  -6.16815E+00  -4.37964E+00  -4.07059E+00  -1.25083E+00  -7.84095E-01   1.96214E+00   3.53798E+00   6.22627E+00   6.46059E+00   6.52649E+00   6.52936E+00   7.58091E+00   2.25783E+01
  55 0.000E+00 0.335E+00 0.000E+00    0.11418E+01       -3.51304E+01  -1.84152E+01  -1.78750E+01  -1.78495E+01  -8.82908E+00  -6.06621E+00  -4.07195E+00  -3.68771E+00  -1.14557E+00  -6.06846E-01   2.38887E+00   3.45685E+00   5.69353E+00   5.99685E+00   6.27921E+00   6.37170E+00   7.96313E+00   2.49366E+01
  56 0.000E+00 0.358E+00 0.000E+00    0.11657E+01       -3.50319E+01  -1.87950E+01  -1.81494E+01  -1.81249E+01  -8.95838E+00  -6.00959E+00  -3.74171E+00  -3.32623E+00  -9.11202E-01  -3.63240E-01   2.71050E+00   3.37930E+00   4.98963E+00   5.81461E+00   6.04549E+00   6.45928E+00   8.37192E+00   2.65922E+01
  57 0.000E+00 0.382E+00 0.000E+00    0.11896E+01       -3.49190E+01  -1.91803E+01  -1.84172E+01  -1.83962E+01  -9.07948E+00  -6.01247E+00  -3.37771E+00  -2.98390E+00  -5.60277E-01  -6.93246E-02   2.87708E+00   3.30113E+00   4.40469E+00   5.69739E+00   5.85792E+00   6.66704E+00   8.75106E+00   2.75306E+01
  58 0.000E+00 0.406E+00 0.000E+00    0.12135E+01       -3.47910E+01  -1.95693E+01  -1.86774E+01  -1.86616E+01  -9.19274E+00  -6.08935E+00  -2.97420E+00  -2.65258E+00  -1.12428E-01   2.65403E-01   2.92091E+00   3.21879E+00   3.92553E+00   5.66084E+00   5.74794E+00   6.84392E+00   9.03491E+00   2.80316E+01
  59 0.000E+00 0.430E+00 0.000E+00    0.12374E+01       -3.46473E+01  -1.99606E+01  -1.89296E+01  -1.89200E+01  -9.29993E+00  -6.24956E+00  -2.53257E+00  -2.32312E+00   4.07678E-01   6.37002E-01   2.90088E+00   3.12945E+00   3.53955E+00   5.71745E+00   5.74463E+00   6.82090E+00   9.23198E+00   2.84593E+01
  60 0.000E+00 0.454E+00 0.000E+00    0.12613E+01       -3.44874E+01  -2.03536E+01  -1.91730E+01  -1.91700E+01  -9.40323E+00  -6.49010E+00  -2.06145E+00  -1.98897E+00   9.70899E-01   1.04346E+00   2.85497E+00   3.02978E+00   3.23638E+00   5.87332E+00   5.87537E+00   6.53823E+00   9.42695E+00   2.89780E+01
  61 0.000E+00 0.478E+00 0.000E+00    0.12852E+01       -3.43110E+01  -2.07485E+01  -1.94104E+01  -1.94075E+01  -9.50399E+00  -6.79204E+00  -1.64662E+00  -1.57423E+00   1.47853E+00   1.54314E+00   2.79431E+00   2.90715E+00   3.01680E+00   6.12272E+00   6.13553E+00   6.15091E+00   9.65305E+00   2.94874E+01
  62 0.000E+00 0.502E+00 0.000E+00    0.13091E+01       -3.41181E+01  -2.11459E+01  -1.96402E+01  -1.96326E+01  -9.60193E+00  -7.12480E+00  -1.29433E+00  -1.08395E+00   1.92585E+00   2.08924E+00   2.71721E+00   2.75002E+00   2.88221E+00   5.75869E+00   6.48532E+00   6.57421E+00   9.88172E+00   2.97677E+01
  63 0.000E+00 0.526E+00 0.000E+00    0.13330E+01       -3.39086E+01  -2.15463E+01  -1.98587E+01  -1.98479E+01  -9.69489E+00  -7.45642E+00  -9.31167E-01  -5.98537E-01   2.35923E+00   2.58283E+00   2.59700E+00   2.63079E+00   2.78532E+00   5.55195E+00   6.88929E+00   7.10324E+00   1.00807E+01   2.96323E+01
  64 0.000E+00 0.550E+00 0.000E+00    0.13569E+01       -3.36829E+01  -2.19506E+01  -2.00653E+01  -2.00530E+01  -9.77942E+00  -7.76281E+00  -5.57185E-01  -1.20628E-01   2.45860E+00   2.56313E+00   2.70812E+00   2.75089E+00   3.01307E+00   5.51828E+00   7.28441E+00   7.65374E+00   1.02309E+01   2.89979E+01
  65 0.000E+00 0.574E+00 0.000E+00    0.13808E+01       -3.34415E+01  -2.23588E+01  -2.02597E+01  -2.02475E+01  -9.85211E+00  -8.03105E+00  -1.74576E-01   3.47144E-01   2.33008E+00   2.55322E+00   2.64871E+00   3.08081E+00   3.38034E+00   5.63007E+00   7.59247E+00   8.11252E+00   1.03252E+01   2.78893E+01
  66 0.000E+00 0.597E+00 0.000E+00    0.14047E+01       -3.31851E+01  -2.27713E+01  -2.04416E+01  -2.04311E+01  -9.91112E+00  -8.25747E+00   2.10618E-01   7.93720E-01   2.20904E+00   2.60361E+00   2.63573E+00   3.34069E+00   3.68637E+00   5.85830E+00   7.75090E+00   8.37243E+00   1.03648E+01   2.64109E+01
  67 0.000E+00 0.621E+00 0.000E+00    0.14286E+01       -3.29145E+01  -2.31877E+01  -2.06113E+01  -2.06032E+01  -9.95697E+00  -8.44413E+00   5.86691E-01   1.18997E+00   2.09614E+00   2.56691E+00   2.83564E+00   3.53607E+00   3.92753E+00   6.19059E+00   7.74351E+00   8.37176E+00   1.03570E+01   2.47064E+01
  68 0.000E+00 0.645E+00 0.000E+00    0.14525E+01       -3.26306E+01  -2.36076E+01  -2.07688E+01  -2.07635E+01  -9.99228E+00  -8.59612E+00   9.34554E-01   1.48087E+00   1.99338E+00   2.53217E+00   3.16692E+00   3.69270E+00   4.09247E+00   6.63593E+00   7.60671E+00   8.12077E+00   1.03124E+01   2.29246E+01
  69 0.000E+00 0.669E+00 0.000E+00    0.14764E+01       -3.23343E+01  -2.40301E+01  -2.09143E+01  -2.09117E+01  -1.00204E+01  -8.72039E+00   1.22621E+00   1.59658E+00   1.90279E+00   2.49385E+00   3.62734E+00   3.85472E+00   4.16314E+00   7.22693E+00   7.40398E+00   7.70198E+00   1.02440E+01   2.11959E+01
  70 0.000E+00 0.693E+00 0.000E+00    0.15003E+01       -3.20265E+01  -2.44539E+01  -2.10480E+01  -2.10476E+01  -1.00438E+01  -8.82525E+00   1.42423E+00   1.50530E+00   1.82590E+00   2.44802E+00   4.04565E+00   4.12274E+00   4.18989E+00   7.18759E+00   7.24145E+00   8.01738E+00   1.01681E+01   1.96218E+01
  71 0.000E+00 0.717E+00 0.000E+00    0.15242E+01       -3.17080E+01  -2.48774E+01  -2.11709E+01  -2.11699E+01  -1.00631E+01  -8.91960E+00   1.25199E+00   1.48658E+00   1.76352E+00   2.39266E+00   3.97658E+00   4.23218E+00   4.80261E+00   6.85581E+00   6.98025E+00   9.03959E+00   1.01326E+01   1.82742E+01
  72 0.000E+00 0.741E+00 0.000E+00    0.15481E+01       -3.13796E+01  -2.52989E+01  -2.12817E+01  -2.12798E+01  -1.00771E+01  -9.01150E+00   9.18875E-01   1.38677E+00   1.71580E+00   2.32762E+00   3.76640E+00   4.34892E+00   5.41042E+00   6.59948E+00   6.78927E+00   9.76893E+00   1.07056E+01   1.72004E+01
  73 0.000E+00 0.765E+00 0.000E+00    0.15720E+01       -3.10420E+01  -2.57165E+01  -2.13797E+01  -2.13776E+01  -1.00837E+01  -9.10668E+00   5.76937E-01   1.14522E+00   1.68227E+00   2.25439E+00   3.53603E+00   4.33241E+00   5.98199E+00   6.46248E+00   6.63068E+00   9.78116E+00   1.22533E+01   1.64388E+01
  74 0.000E+00 0.789E+00 0.000E+00    0.15959E+01       -3.06958E+01  -2.61286E+01  -2.14649E+01  -2.14630E+01  -1.00809E+01  -9.20773E+00   2.72349E-01   8.27705E-01   1.66202E+00   2.17564E+00   3.29550E+00   4.14537E+00   6.41076E+00   6.51174E+00   6.52851E+00   9.73060E+00   1.38773E+01   1.60842E+01
  75 0.000E+00 0.813E+00 0.000E+00    0.16198E+01       -3.03419E+01  -2.65344E+01  -2.15373E+01  -2.15357E+01  -1.00673E+01  -9.31426E+00   3.00382E-02   5.03502E-01   1.65390E+00   2.09477E+00   3.04158E+00   3.80335E+00   6.41226E+00   6.48765E+00   7.00531E+00   9.68223E+00   1.48635E+01   1.65321E+01
  76 0.000E+00 0.836E+00 0.000E+00    0.16437E+01       -2.99809E+01  -2.69340E+01  -2.15967E+01  -2.15956E+01  -1.00420E+01  -9.42369E+00  -1.40389E-01   2.17903E-01   1.65674E+00   2.01529E+00   2.78320E+00   3.36962E+00   6.44184E+00   6.48839E+00   7.46929E+00   9.63140E+00   1.51641E+01   1.75462E+01
  77 0.000E+00 0.860E+00 0.000E+00    0.16676E+01       -2.96138E+01  -2.73279E+01  -2.16430E+01  -2.16424E+01  -1.00046E+01  -9.53235E+00  -2.40908E-01  -7.59891E-03   1.66955E+00   1.94039E+00   2.54239E+00   2.92215E+00   6.48091E+00   6.50729E+00   7.90670E+00   9.55742E+00   1.54860E+01   1.82178E+01
  78 0.000E+00 0.884E+00 0.000E+00    0.16915E+01       -2.92417E+01  -2.77173E+01  -2.16762E+01  -2.16759E+01  -9.95490E+00  -9.63640E+00  -2.83990E-01  -1.66548E-01   1.69168E+00   1.87253E+00   2.34566E+00   2.53362E+00   6.51665E+00   6.52865E+00   8.31452E+00   9.43664E+00   1.59820E+01   1.83352E+01
  79 0.000E+00 0.908E+00 0.000E+00    0.17154E+01       -2.88654E+01  -2.81031E+01  -2.16962E+01  -2.16961E+01  -9.89283E+00  -9.73257E+00  -2.91971E-01  -2.59887E-01   1.72292E+00   1.81329E+00   2.21678E+00   2.26727E+00   6.54098E+00   6.54404E+00   8.68323E+00   9.25252E+00   1.66328E+01   1.79827E+01
  80 0.000E+00 0.932E+00 0.000E+00    0.17393E+01       -2.84858E+01  -2.84858E+01  -2.17028E+01  -2.17028E+01  -9.81851E+00  -9.81851E+00  -2.90535E-01  -2.90535E-01   1.76339E+00   1.76339E+00   2.17190E+00   2.17190E+00   6.54955E+00   6.54955E+00   8.99974E+00   8.99974E+00   1.73498E+01   1.73498E+01
  81 0.000E+00 0.932E+00 0.000E+00    0.17393E+01       -2.84858E+01  -2.84858E+01  -2.17028E+01  -2.17028E+01  -9.81851E+00  -9.81851E+00  -2.90535E-01  -2.90535E-01   1.76339E+00   1.76339E+00   2.17190E+00   2.17190E+00   6.54955E+00   6.54955E+00   8.99974E+00   8.99974E+00   1.73498E+01   1.73498E+01
  82 0.245E-01 0.932E+00 0.000E+00    0.17638E+01       -2.84820E+01  -2.84820E+01  -2.17148E+01  -2.17148E+01  -9.78995E+00  -9.78995E+00  -2.64974E-01  -2.64974E-01   1.77935E+00   1.77935E+00   2.16888E+00   2.16888E+00   6.52169E+00   6.52169E+00   8.98670E+00   8.98670E+00   1.73417E+01   1.73417E+01
  83 0.491E-01 0.932E+00 0.000E+00    0.17883E+01       -2.84708E+01  -2.84708E+01  -2.17500E+01  -2.17500E+01  -9.70499E+00  -9.70499E+00  -1.89535E-01  -1.89535E-01   1.81892E+00   1.81892E+00   2.16924E+00   2.16924E+00   6.43888E+00   6.43888E+00   8.95076E+00   8.95076E+00   1.73151E+01   1.73151E+01
  84 0.736E-01 0.932E+00 0.000E+00    0.18129E+01       -2.84522E+01  -2.84522E+01  -2.18072E+01  -2.18072E+01  -9.56574E+00  -9.56574E+00  -6.81532E-02  -6.81532E-02   1.85051E+00   1.85051E+00   2.20778E+00   2.20778E+00   6.30398E+00   6.30398E+00   8.90024E+00   8.90024E+00   1.72639E+01   1.72639E+01
  85 0.981E-01 0.932E+00 0.000E+00    0.18374E+01       -2.84266E+01  -2.84266E+01  -2.18842E+01  -2.18842E+01  -9.37541E+00  -9.37541E+00   9.20040E-02   9.20040E-02   1.83553E+00   1.83553E+00   2.32759E+00   2.32759E+00   6.12293E+00   6.12293E+00   8.84574E+00   8.84574E+00   1.71804E+01   1.71804E+01
  86 0.123E+00 0.932E+00 0.000E+00    0.18619E+01       -2.83944E+01  -2.83944E+01  -2.19782E+01  -2.19782E+01  -9.13791E+00  -9.13791E+00   2.79992E-01   2.79992E-01   1.77771E+00   1.77771E+00   2.52932E+00   2.52932E+00   5.90550E+00   5.90550E+00   8.79745E+00   8.79745E+00   1.70571E+01   1.70571E+01
  87 0.147E+00 0.932E+00 0.000E+00    0.18865E+01       -2.83562E+01  -2.83562E+01  -2.20862E+01  -2.20862E+01  -8.85751E+00  -8.85751E+00   4.81031E-01   4.81031E-01   1.69580E+00   1.69580E+00   2.79615E+00   2.79615E+00   5.66499E+00   5.66499E+00   8.76383E+00   8.76383E+00   1.68888E+01   1.68888E+01
  88 0.172E+00 0.932E+00 0.000E+00    0.19110E+01       -2.83125E+01  -2.83125E+01  -2.22050E+01  -2.22050E+01  -8.53857E+00  -8.53857E+00   6.77183E-01   6.77183E-01   1.60011E+00   1.60011E+00   3.11408E+00   3.11408E+00   5.41729E+00   5.41729E+00   8.75204E+00   8.75204E+00   1.66742E+01   1.66742E+01
  89 0.196E+00 0.932E+00 0.000E+00    0.19355E+01       -2.82643E+01  -2.82643E+01  -2.23312E+01  -2.23312E+01  -8.18535E+00  -8.18535E+00   8.47220E-01   8.47220E-01   1.49772E+00   1.49772E+00   3.46451E+00   3.46451E+00   5.18006E+00   5.18006E+00   8.76922E+00   8.76922E+00   1.64160E+01   1.64160E+01
  90 0.221E+00 0.932E+00 0.000E+00    0.19600E+01       -2.82126E+01  -2.82126E+01  -2.24617E+01  -2.24617E+01  -7.80198E+00  -7.80198E+00   9.58362E-01   9.58362E-01   1.40655E+00   1.40655E+00   3.81607E+00   3.81607E+00   4.97372E+00   4.97372E+00   8.82379E+00   8.82379E+00   1.61207E+01   1.61207E+01
  91 0.245E+00 0.932E+00 0.000E+00    0.19846E+01       -2.81587E+01  -2.81587E+01  -2.25931E+01  -2.25931E+01  -7.39260E+00  -7.39260E+00   9.49051E-01   9.49051E-01   1.37651E+00   1.37651E+00   4.11391E+00   4.11391E+00   4.82997E+00   4.82997E+00   8.92582E+00   8.92582E+00   1.57976E+01   1.57976E+01
  92 0.270E+00 0.932E+00 0.000E+00    0.20091E+01       -2.81037E+01  -2.81037E+01  -2.27223E+01  -2.27223E+01  -6.96150E+00  -6.96150E+00   8.03455E-01   8.03455E-01   1.41753E+00   1.41753E+00   4.26711E+00   4.26711E+00   4.80800E+00   4.80800E+00   9.08525E+00   9.08525E+00   1.54572E+01   1.54572E+01
  93 0.294E+00 0.932E+00 0.000E+00    0.20336E+01       -2.80494E+01  -2.80494E+01  -2.28461E+01  -2.28461E+01  -6.51344E+00  -6.51344E+00   5.75006E-01   5.75006E-01   1.47711E+00   1.47711E+00   4.25998E+00   4.25998E+00   4.89293E+00   4.89293E+00   9.30733E+00   9.30733E+00   1.51091E+01   1.51091E+01
  94 0.319E+00 0.932E+00 0.000E+00    0.20582E+01       -2.79973E+01  -2.79973E+01  -2.29614E+01  -2.29614E+01  -6.05407E+00  -6.05407E+00   2.92857E-01   2.92857E-01   1.53306E+00   1.53306E+00   4.20086E+00   4.20086E+00   4.95891E+00   4.95891E+00   9.58788E+00   9.58788E+00   1.47602E+01   1.47602E+01
  95 0.343E+00 0.932E+00 0.000E+00    0.20827E+01       -2.79492E+01  -2.79492E+01  -2.30652E+01  -2.30652E+01  -5.59069E+00  -5.59069E+00  -2.82168E-02  -2.82168E-02   1.58185E+00   1.58185E+00   4.14128E+00   4.14128E+00   4.95662E+00   4.95662E+00   9.91252E+00   9.91252E+00   1.44150E+01   1.44150E+01
  96 0.368E+00 0.932E+00 0.000E+00    0.21072E+01       -2.79067E+01  -2.79067E+01  -2.31547E+01  -2.31547E+01  -5.13373E+00  -5.13373E+00  -3.73773E-01  -3.73773E-01   1.62358E+00   1.62358E+00   4.09264E+00   4.09264E+00   4.89426E+00   4.89426E+00   1.02606E+01   1.02606E+01   1.40771E+01   1.40771E+01
  97 0.392E+00 0.932E+00 0.000E+00    0.21317E+01       -2.78717E+01  -2.78717E+01  -2.32273E+01  -2.32273E+01  -4.69967E+00  -4.69967E+00  -7.24298E-01  -7.24298E-01   1.65811E+00   1.65811E+00   4.05734E+00   4.05734E+00   4.79858E+00   4.79858E+00   1.06079E+01   1.06079E+01   1.37534E+01   1.37534E+01
  98 0.417E+00 0.932E+00 0.000E+00    0.21563E+01       -2.78454E+01  -2.78454E+01  -2.32808E+01  -2.32808E+01  -4.31717E+00  -4.31717E+00  -1.04881E+00  -1.04881E+00   1.68445E+00   1.68445E+00   4.03542E+00   4.03542E+00   4.70016E+00   4.70016E+00   1.09242E+01   1.09242E+01   1.34616E+01   1.34616E+01
  99 0.442E+00 0.932E+00 0.000E+00    0.21808E+01       -2.78292E+01  -2.78292E+01  -2.33136E+01  -2.33136E+01  -4.03677E+00  -4.03677E+00  -1.29510E+00  -1.29510E+00   1.70115E+00   1.70115E+00   4.02490E+00   4.02490E+00   4.62697E+00   4.62697E+00   1.11626E+01   1.11626E+01   1.32405E+01   1.32405E+01
 100 0.466E+00 0.932E+00 0.000E+00    0.22053E+01       -2.78237E+01  -2.78237E+01  -2.33247E+01  -2.33247E+01  -3.92976E+00  -3.92976E+00  -1.39086E+00  -1.39086E+00   1.70689E+00   1.70689E+00   4.02209E+00   4.02209E+00   4.59987E+00   4.59987E+00   1.12555E+01   1.12555E+01   1.31537E+01   1.31537E+01
 101 0.466E+00 0.932E+00 0.000E+00    0.22053E+01       -2.78237E+01  -2.78237E+01  -2.33247E+01  -2.33247E+01  -3.92976E+00  -3.92976E+00  -1.39086E+00  -1.39086E+00   1.70689E+00   1.70689E+00   4.02209E+00   4.02209E+00   4.59987E+00   4.59987E+00   1.12555E+01   1.12555E+01   1.31537E+01   1.31537E+01
 102 0.466E+00 0.916E+00 0.161E-01    0.22281E+01       -2.80065E+01  -2.76504E+01  -2.34918E+01  -2.31359E+01  -4.08692E+00  -3.82951E+00  -1.65592E+00  -1.06059E+00   1.63763E+00   1.78582E+00   3.70693E+00   3.89321E+00   4.67311E+00   4.83530E+00   1.11877E+01   1.12471E+01   1.24528E+01   1.42781E+01
 103 0.466E+00 0.900E+00 0.321E-01    0.22508E+01       -2.81939E+01  -2.74929E+01  -2.36316E+01  -2.29300E+01  -4.26467E+00  -3.83635E+00  -1.77891E+00  -7.25516E-01   1.55520E+00   1.86883E+00   3.36787E+00   3.52408E+00   4.67657E+00   5.10993E+00   1.11111E+01   1.11546E+01   1.22899E+01   1.56609E+01
 104 0.466E+00 0.884E+00 0.482E-01    0.22735E+01       -2.83822E+01  -2.73580E+01  -2.37369E+01  -2.27108E+01  -4.45546E+00  -3.94790E+00  -1.75210E+00  -4.09550E-01   1.40911E+00   1.93988E+00   3.03192E+00   3.25532E+00   4.60627E+00   5.15866E+00   1.10163E+01   1.10257E+01   1.25629E+01   1.72088E+01
 105 0.466E+00 0.868E+00 0.643E-01    0.22962E+01       -2.85686E+01  -2.72528E+01  -2.38001E+01  -2.24813E+01  -4.65440E+00  -4.11999E+00  -1.61519E+00  -1.40503E-01   1.16941E+00   1.97109E+00   2.71960E+00   3.18868E+00   4.48676E+00   5.04855E+00   1.08835E+01   1.08946E+01   1.30120E+01   1.88243E+01
 106 0.466E+00 0.852E+00 0.804E-01    0.23190E+01       -2.87509E+01  -2.71837E+01  -2.38143E+01  -2.22438E+01  -4.85857E+00  -4.30560E+00  -1.41509E+00   5.19232E-02   8.86545E-01   1.92443E+00   2.45118E+00   3.31400E+00   4.36118E+00   4.88002E+00   1.07397E+01   1.07437E+01   1.33654E+01   2.03946E+01
 107 0.466E+00 0.836E+00 0.964E-01    0.23417E+01       -2.89275E+01  -2.71545E+01  -2.37748E+01  -2.20005E+01  -5.06641E+00  -4.47586E+00  -1.18420E+00   1.37095E-01   6.50894E-01   1.78940E+00   2.22090E+00   3.54782E+00   4.27641E+00   4.73243E+00   1.05448E+01   1.06181E+01   1.34417E+01   2.18017E+01
 108 0.466E+00 0.820E+00 0.112E+00    0.23644E+01       -2.90972E+01  -2.71655E+01  -2.36808E+01  -2.17531E+01  -5.27702E+00  -4.61711E+00  -9.43315E-01   1.04550E-01   5.18930E-01   1.61841E+00   1.98617E+00   3.76463E+00   4.25515E+00   4.69391E+00   1.03014E+01   1.05145E+01   1.31791E+01   2.29442E+01
 109 0.466E+00 0.804E+00 0.129E+00    0.23871E+01       -2.92590E+01  -2.72134E+01  -2.35355E+01  -2.15032E+01  -5.48960E+00  -4.72454E+00  -7.08763E-01   2.48077E-02   4.48003E-01   1.47016E+00   1.73534E+00   3.83227E+00   4.28211E+00   4.85006E+00   9.99288E+00   1.04382E+01   1.26316E+01   2.37589E+01
 110 0.466E+00 0.787E+00 0.145E+00    0.24099E+01       -2.94127E+01  -2.72922E+01  -2.33446E+01  -2.12525E+01  -5.70313E+00  -4.79832E+00  -4.97027E-01  -5.22399E-02   4.05512E-01   1.36876E+00   1.50994E+00   3.77355E+00   4.32145E+00   5.12993E+00   9.58164E+00   1.03924E+01   1.19455E+01   2.42340E+01
 111 0.466E+00 0.771E+00 0.161E+00    0.24326E+01       -2.95577E+01  -2.73948E+01  -2.31151E+01  -2.10023E+01  -5.91621E+00  -4.84158E+00  -3.23928E-01  -1.75735E-01   4.53238E-01   1.24410E+00   1.43995E+00   3.66856E+00   4.33887E+00   5.40945E+00   9.01580E+00   1.03790E+01   1.13081E+01   2.44068E+01
 112 0.466E+00 0.755E+00 0.177E+00    0.24553E+01       -2.96941E+01  -2.75148E+01  -2.28538E+01  -2.07540E+01  -6.12704E+00  -4.85943E+00  -3.88897E-01  -1.94925E-01   6.45594E-01   1.11803E+00   1.53892E+00   3.54322E+00   4.31198E+00   5.62854E+00   8.30347E+00   1.03992E+01   1.08353E+01   2.43493E+01
 113 0.466E+00 0.739E+00 0.193E+00    0.24780E+01       -2.98219E+01  -2.76462E+01  -2.25670E+01  -2.05090E+01  -6.33353E+00  -4.85825E+00  -6.75361E-01  -9.43930E-02   9.76117E-01   1.05535E+00   1.73973E+00   3.39455E+00   4.23485E+00   5.76947E+00   7.55843E+00   1.04534E+01   1.05076E+01   2.41482E+01
 114 0.466E+00 0.723E+00 0.209E+00    0.25008E+01       -2.99412E+01  -2.77843E+01  -2.22599E+01  -2.02686E+01  -6.53341E+00  -4.84487E+00  -1.01202E+00   7.82507E-03   1.05425E+00   1.42687E+00   2.00727E+00   3.21097E+00   4.12204E+00   5.83494E+00   6.91633E+00   1.02562E+01   1.05405E+01   2.38872E+01
 115 0.466E+00 0.707E+00 0.225E+00    0.25235E+01       -3.00521E+01  -2.79252E+01  -2.19369E+01  -2.00344E+01  -6.72434E+00  -4.82579E+00  -1.38147E+00   1.38375E-01   1.09533E+00   1.97166E+00   2.29957E+00   2.98663E+00   4.01473E+00   5.82630E+00   6.48618E+00   1.00307E+01   1.06562E+01   2.36353E+01
 116 0.466E+00 0.691E+00 0.241E+00    0.25462E+01       -3.01547E+01  -2.80658E+01  -2.16019E+01  -1.98076E+01  -6.90404E+00  -4.80631E+00  -1.76937E+00   3.10372E-01   1.14850E+00   2.52886E+00   2.56240E+00   2.76225E+00   3.98514E+00   5.74720E+00   6.34344E+00   9.80797E+00   1.07915E+01   2.34415E+01
 117 0.466E+00 0.675E+00 0.257E+00    0.25690E+01       -3.02494E+01  -2.82035E+01  -2.12585E+01  -1.95898E+01  -7.07055E+00  -4.79021E+00  -2.16336E+00   5.22664E-01   1.17647E+00   2.42672E+00   2.75348E+00   3.14348E+00   4.10538E+00   5.67516E+00   6.47272E+00   9.58971E+00   1.09294E+01   2.33344E+01
 118 0.466E+00 0.659E+00 0.273E+00    0.25917E+01       -3.03362E+01  -2.83363E+01  -2.09104E+01  -1.93823E+01  -7.22238E+00  -4.77970E+00  -2.55270E+00   7.55522E-01   1.15780E+00   2.17436E+00   2.90461E+00   3.54369E+00   4.36485E+00   5.65259E+00   6.84800E+00   9.40816E+00   1.10437E+01   2.33227E+01
 119 0.466E+00 0.643E+00 0.289E+00    0.26144E+01       -3.04153E+01  -2.84626E+01  -2.05613E+01  -1.91868E+01  -7.35876E+00  -4.77587E+00  -2.92831E+00   8.94021E-01   1.19391E+00   1.95334E+00   3.08025E+00   3.77190E+00   4.68323E+00   5.65428E+00   7.34367E+00   9.35529E+00   1.10997E+01   2.33977E+01
 120 0.466E+00 0.627E+00 0.305E+00    0.26371E+01       -3.04868E+01  -2.85808E+01  -2.02157E+01  -1.90045E+01  -7.47977E+00  -4.77900E+00  -3.28266E+00   8.07347E-01   1.43429E+00   1.77591E+00   3.29788E+00   3.88050E+00   4.99051E+00   5.66124E+00   7.64658E+00   9.58135E+00   1.10603E+01   2.35344E+01
 121 0.466E+00 0.611E+00 0.321E+00    0.26599E+01       -3.05510E+01  -2.86901E+01  -1.98782E+01  -1.88368E+01  -7.58632E+00  -4.78887E+00  -3.60964E+00   6.71356E-01   1.64324E+00   1.73010E+00   3.54057E+00   3.92893E+00   5.24368E+00   5.66214E+00   7.63500E+00   1.00001E+01   1.08964E+01   2.36945E+01
 122 0.466E+00 0.595E+00 0.337E+00    0.26826E+01       -3.06078E+01  -2.87893E+01  -1.95542E+01  -1.86848E+01  -7.67995E+00  -4.80481E+00  -3.90443E+00   5.54756E-01   1.55086E+00   2.03212E+00   3.78553E+00   3.95180E+00   5.41816E+00   5.63818E+00   7.47165E+00   1.02754E+01   1.05987E+01   2.38318E+01
 123 0.466E+00 0.579E+00 0.354E+00    0.27053E+01       -3.06575E+01  -2.88779E+01  -1.92491E+01  -1.85492E+01  -7.76247E+00  -4.82575E+00  -4.16356E+00   4.81628E-01   1.49076E+00   2.32571E+00   3.96518E+00   4.01471E+00   5.50179E+00   5.55513E+00   7.28463E+00   1.01832E+01   1.02042E+01   2.39008E+01
 124 0.466E+00 0.562E+00 0.370E+00    0.27280E+01       -3.07001E+01  -2.89554E+01  -1.89689E+01  -1.84309E+01  -7.83541E+00  -4.85018E+00  -4.38492E+00   4.63603E-01   1.45224E+00   2.59920E+00   3.97120E+00   4.21726E+00   5.37212E+00   5.49321E+00   7.14680E+00   9.68665E+00   9.77572E+00   2.38694E+01
 125 0.466E+00 0.546E+00 0.386E+00    0.27508E+01       -3.07358E+01  -2.90213E+01  -1.87190E+01  -1.83303E+01  -7.89960E+00  -4.87618E+00  -4.56790E+00   5.04952E-01   1.42183E+00   2.83728E+00   3.94966E+00   4.38991E+00   5.09150E+00   5.40421E+00   7.08992E+00   9.11642E+00   9.15555E+00   2.37312E+01
 126 0.466E+00 0.530E+00 0.402E+00    0.27735E+01       -3.07647E+01  -2.90755E+01  -1.85051E+01  -1.82478E+01  -7.95489E+00  -4.90163E+00  -4.71322E+00   6.03262E-01   1.38352E+00   3.01665E+00   3.83280E+00   4.53663E+00   4.82533E+00   5.26418E+00   7.09575E+00   8.40108E+00   8.63468E+00   2.35101E+01
 127 0.466E+00 0.514E+00 0.418E+00    0.27962E+01       -3.07870E+01  -2.91178E+01  -1.83322E+01  -1.81834E+01  -8.00027E+00  -4.92432E+00  -4.82266E+00   7.47503E-01   1.32206E+00   3.10783E+00   3.56471E+00   4.66683E+00   4.72594E+00   5.11911E+00   7.10491E+00   7.78419E+00   8.16177E+00   2.32538E+01
 128 0.466E+00 0.498E+00 0.434E+00    0.28190E+01       -3.08028E+01  -2.91480E+01  -1.82049E+01  -1.81374E+01  -8.03425E+00  -4.94221E+00  -4.89851E+00   9.13168E-01   1.23515E+00   3.09857E+00   3.26375E+00   4.77088E+00   4.78633E+00   5.01284E+00   6.96630E+00   7.45239E+00   7.77173E+00   2.30190E+01
 129 0.466E+00 0.482E+00 0.450E+00    0.28417E+01       -3.08122E+01  -2.91662E+01  -1.81269E+01  -1.81098E+01  -8.05534E+00  -4.95366E+00  -4.94297E+00   1.05549E+00   1.15017E+00   3.03153E+00   3.06102E+00   4.85921E+00   4.87756E+00   4.96287E+00   6.69826E+00   7.40709E+00   7.50561E+00   2.28560E+01
 130 0.466E+00 0.466E+00 0.466E+00    0.28644E+01       -3.08153E+01  -2.91722E+01  -1.81006E+01  -1.81006E+01  -8.06250E+00  -4.95760E+00  -4.95760E+00   1.11398E+00   1.11398E+00   2.99320E+00   2.99320E+00   4.90353E+00   4.90353E+00   4.96021E+00   6.58127E+00   7.40925E+00   7.40925E+00   2.27979E+01
 131 0.466E+00 0.466E+00 0.466E+00    0.28644E+01       -3.08153E+01  -2.91722E+01  -1.81006E+01  -1.81006E+01  -8.06250E+00  -4.95760E+00  -4.95760E+00   1.11398E+00   1.11398E+00   2.99320E+00   2.99320E+00   4.90353E+00   4.90353E+00   4.96021E+00   6.58127E+00   7.40925E+00   7.40925E+00   2.27979E+01
 132 0.442E+00 0.478E+00 0.478E+00    0.28944E+01       -3.08099E+01  -2.91616E+01  -1.81465E+01  -1.81167E+01  -8.05004E+00  -4.95058E+00  -4.93214E+00   1.01501E+00   1.17534E+00   3.06590E+00   3.10018E+00   4.81657E+00   4.87396E+00   4.96757E+00   6.77962E+00   7.40146E+00   7.58097E+00   2.28982E+01
 133 0.417E+00 0.491E+00 0.491E+00    0.29245E+01       -3.07933E+01  -2.91299E+01  -1.82822E+01  -1.81641E+01  -8.01390E+00  -4.92855E+00  -4.85608E+00   7.94795E-01   1.30586E+00   3.23545E+00   3.32774E+00   4.63641E+00   4.78987E+00   5.08942E+00   7.24239E+00   7.38502E+00   8.09175E+00   2.31653E+01
 134 0.392E+00 0.503E+00 0.503E+00    0.29545E+01       -3.07656E+01  -2.90772E+01  -1.85022E+01  -1.82413E+01  -7.95806E+00  -4.88848E+00  -4.73027E+00   5.64847E-01   1.43014E+00   3.35631E+00   3.52437E+00   4.47428E+00   4.66387E+00   5.43873E+00   7.37486E+00   7.79598E+00   8.91073E+00   2.35061E+01
 135 0.368E+00 0.515E+00 0.515E+00    0.29846E+01       -3.07262E+01  -2.90036E+01  -1.87984E+01  -1.83453E+01  -7.88936E+00  -4.82557E+00  -4.55591E+00   3.85053E-01   1.54037E+00   3.36765E+00   3.59424E+00   4.35166E+00   4.51318E+00   5.92979E+00   7.37824E+00   8.35853E+00   9.86075E+00   2.37989E+01
 136 0.343E+00 0.527E+00 0.527E+00    0.30146E+01       -3.06749E+01  -2.89096E+01  -1.91606E+01  -1.84728E+01  -7.81672E+00  -4.73452E+00  -4.33434E+00   2.78094E-01   1.65631E+00   3.34540E+00   3.51120E+00   4.25108E+00   4.35516E+00   6.39020E+00   7.38167E+00   8.85780E+00   1.05708E+01   2.39426E+01
 137 0.319E+00 0.540E+00 0.540E+00    0.30447E+01       -3.06113E+01  -2.87958E+01  -1.95771E+01  -1.86198E+01  -7.74959E+00  -4.61204E+00  -4.06689E+00   2.45953E-01   1.77415E+00   3.30572E+00   3.36719E+00   4.14909E+00   4.20322E+00   6.75851E+00   7.35956E+00   9.09785E+00   1.08236E+01   2.39013E+01
 138 0.294E+00 0.552E+00 0.552E+00    0.30747E+01       -3.05351E+01  -2.86636E+01  -2.00351E+01  -1.87823E+01  -7.69677E+00  -4.45881E+00  -3.75484E+00   2.75338E-01   1.86036E+00   3.03897E+00   3.45942E+00   4.03843E+00   4.06500E+00   7.04487E+00   7.29610E+00   8.70534E+00   1.09845E+01   2.37155E+01
 139 0.270E+00 0.564E+00 0.564E+00    0.31047E+01       -3.04459E+01  -2.85144E+01  -2.05214E+01  -1.89563E+01  -7.66655E+00  -4.27895E+00  -3.39966E+00   3.37348E-01   1.88047E+00   2.78283E+00   3.50832E+00   3.94266E+00   3.96330E+00   7.19567E+00   7.25463E+00   7.89403E+00   1.13009E+01   2.34784E+01
 140 0.245E+00 0.576E+00 0.576E+00    0.31348E+01       -3.03434E+01  -2.83509E+01  -2.10243E+01  -1.91377E+01  -7.66732E+00  -4.07647E+00  -3.00354E+00   3.89341E-01   1.81441E+00   2.60742E+00   3.32108E+00   3.83435E+00   3.90600E+00   7.07757E+00   7.16145E+00   7.67166E+00   1.16366E+01   2.33005E+01
 141 0.221E+00 0.589E+00 0.589E+00    0.31648E+01       -3.02272E+01  -2.81762E+01  -2.15334E+01  -1.93229E+01  -7.70664E+00  -3.85127E+00  -2.57020E+00   3.94099E-01   1.63073E+00   2.55643E+00   2.93774E+00   3.73820E+00   3.76475E+00   6.96495E+00   7.17923E+00   8.03472E+00   1.19121E+01   2.32795E+01
 142 0.196E+00 0.601E+00 0.601E+00    0.31949E+01       -3.00969E+01  -2.79947E+01  -2.20395E+01  -1.95087E+01  -7.78828E+00  -3.59780E+00  -2.10614E+00   3.52619E-01   1.30342E+00   2.53188E+00   2.61062E+00   3.65912E+00   3.67851E+00   6.87521E+00   7.34090E+00   8.71456E+00   1.21070E+01   2.34725E+01
 143 0.172E+00 0.613E+00 0.613E+00    0.32249E+01       -2.99522E+01  -2.78122E+01  -2.25333E+01  -1.96919E+01  -7.90933E+00  -3.30819E+00  -1.62235E+00   3.03626E-01   8.95123E-01   2.21586E+00   2.68948E+00   3.61516E+00   3.70228E+00   6.81375E+00   7.43246E+00   9.58144E+00   1.22270E+01   2.38393E+01
 144 0.147E+00 0.625E+00 0.625E+00    0.32549E+01       -2.97929E+01  -2.76370E+01  -2.30035E+01  -1.98700E+01  -8.06030E+00  -2.97886E+00  -1.13755E+00   2.92581E-01   5.01851E-01   1.97563E+00   2.70820E+00   3.62261E+00   3.80694E+00   6.77246E+00   7.44492E+00   1.04272E+01   1.22942E+01   2.41579E+01
 145 0.123E+00 0.638E+00 0.638E+00    0.32850E+01       -2.96193E+01  -2.74808E+01  -2.34360E+01  -2.00404E+01  -8.22801E+00  -2.62319E+00  -6.85464E-01   1.75677E-01   3.61386E-01   1.79753E+00   2.64472E+00   3.65503E+00   3.93309E+00   6.73342E+00   7.40098E+00   1.11217E+01   1.23669E+01   2.40207E+01
 146 0.981E-01 0.650E+00 0.650E+00    0.33150E+01       -2.94326E+01  -2.73602E+01  -2.38114E+01  -2.02013E+01  -8.39924E+00  -2.30203E+00  -3.21524E-01  -2.04568E-02   5.56642E-01   1.67942E+00   2.52953E+00   3.65856E+00   3.99935E+00   6.67737E+00   7.35755E+00   1.15118E+01   1.26179E+01   2.30636E+01
 147 0.736E-01 0.662E+00 0.662E+00    0.33451E+01       -2.92357E+01  -2.72963E+01  -2.41053E+01  -2.03509E+01  -8.56311E+00  -2.16030E+00  -7.82847E-02   4.80136E-02   8.90584E-01   1.61677E+00   2.39269E+00   3.60250E+00   3.91779E+00   6.59458E+00   7.40932E+00   1.14967E+01   1.31779E+01   2.13058E+01
 148 0.491E-01 0.675E+00 0.675E+00    0.33751E+01       -2.90353E+01  -2.73085E+01  -2.42926E+01  -2.04878E+01  -8.71182E+00  -2.30426E+00   8.38003E-02   4.46578E-01   1.29479E+00   1.61181E+00   2.24968E+00   3.48919E+00   3.65363E+00   6.49356E+00   7.62010E+00   1.12128E+01   1.38998E+01   1.92273E+01
 149 0.245E-01 0.687E+00 0.687E+00    0.34051E+01       -2.88466E+01  -2.73962E+01  -2.43602E+01  -2.06106E+01  -8.84051E+00  -2.65614E+00   2.04937E-01   9.43029E-01   1.68546E+00   1.71482E+00   2.11360E+00   3.29017E+00   3.34463E+00   6.40206E+00   7.93164E+00   1.07596E+01   1.46626E+01   1.74990E+01
 150 0.000E+00 0.699E+00 0.699E+00    0.34352E+01       -2.87077E+01  -2.75143E+01  -2.43169E+01  -2.07183E+01  -8.94659E+00  -3.11433E+00   2.98209E-01   1.17009E+00   1.86774E+00   1.87465E+00   2.12681E+00   3.12671E+00   3.20967E+00   6.35629E+00   8.09823E+00   1.03730E+01   1.52209E+01   1.67618E+01
 151 0.000E+00 0.699E+00 0.699E+00    0.34352E+01       -2.87077E+01  -2.75143E+01  -2.43169E+01  -2.07183E+01  -8.94659E+00  -3.11433E+00   2.98209E-01   1.17009E+00   1.86774E+00   1.87465E+00   2.12681E+00   3.12671E+00   3.20967E+00   6.35629E+00   8.09823E+00   1.03730E+01   1.52209E+01   1.67618E+01
 152 0.000E+00 0.681E+00 0.681E+00    0.34605E+01       -2.88592E+01  -2.73579E+01  -2.44263E+01  -2.05678E+01  -8.80306E+00  -2.42885E+00   1.60707E-01   1.03035E+00   1.73727E+00   1.87280E+00   2.04310E+00   3.02677E+00   3.39297E+00   6.38723E+00   8.10710E+00   1.06841E+01   1.48240E+01   1.68381E+01
 153 0.000E+00 0.663E+00 0.663E+00    0.34859E+01       -2.90480E+01  -2.71893E+01  -2.44873E+01  -2.04086E+01  -8.64948E+00  -1.82806E+00  -2.04096E-02   8.19664E-01   1.40369E+00   1.89805E+00   2.23367E+00   3.04694E+00   3.57740E+00   6.45190E+00   8.05659E+00   1.09538E+01   1.43884E+01   1.70694E+01
 154 0.000E+00 0.645E+00 0.645E+00    0.35112E+01       -2.92720E+01  -2.70083E+01  -2.45008E+01  -2.02412E+01  -8.48842E+00  -1.34518E+00  -2.43597E-01   5.44198E-01   1.11491E+00   1.97473E+00   2.49356E+00   3.18341E+00   3.73967E+00   6.56714E+00   7.94973E+00   1.11551E+01   1.39550E+01   1.74022E+01
 155 0.000E+00 0.627E+00 0.627E+00    0.35366E+01       -2.95271E+01  -2.68149E+01  -2.44697E+01  -2.00665E+01  -8.32346E+00  -1.00691E+00  -4.92417E-01   2.26734E-01   8.93522E-01   2.12228E+00   2.78261E+00   3.41275E+00   3.88686E+00   6.75563E+00   7.80126E+00   1.12580E+01   1.35631E+01   1.77533E+01
 156 0.000E+00 0.609E+00 0.609E+00    0.35619E+01       -2.98080E+01  -2.66093E+01  -2.43984E+01  -1.98852E+01  -8.15891E+00  -8.24002E-01  -7.41356E-01  -1.06005E-01   7.37411E-01   2.34455E+00   3.01744E+00   3.70637E+00   4.06693E+00   7.04602E+00   7.63397E+00   1.12124E+01   1.32507E+01   1.80392E+01
 157 0.000E+00 0.592E+00 0.592E+00    0.35873E+01       -3.01090E+01  -2.63916E+01  -2.42913E+01  -1.96980E+01  -7.99939E+00  -9.71072E-01  -7.91653E-01  -4.25405E-01   6.44167E-01   2.62713E+00   3.10637E+00   4.03488E+00   4.32300E+00   7.46985E+00   7.47370E+00   1.09700E+01   1.30249E+01   1.82094E+01
 158 0.000E+00 0.574E+00 0.574E+00    0.36126E+01       -3.04246E+01  -2.61621E+01  -2.41528E+01  -1.95057E+01  -7.84943E+00  -1.17689E+00  -9.13337E-01  -6.86411E-01   6.22238E-01   2.94513E+00   3.05521E+00   4.36643E+00   4.59626E+00   7.34540E+00   8.04147E+00   1.05325E+01   1.28228E+01   1.82699E+01
 159 0.000E+00 0.556E+00 0.556E+00    0.36380E+01       -3.07498E+01  -2.59211E+01  -2.39867E+01  -1.93090E+01  -7.71303E+00  -1.36846E+00  -1.15181E+00  -8.87629E-01   6.92167E-01   2.92650E+00   3.27189E+00   4.66260E+00   4.79441E+00   7.27151E+00   8.71761E+00   9.93651E+00   1.25577E+01   1.82866E+01
 160 0.000E+00 0.538E+00 0.538E+00    0.36633E+01       -3.10799E+01  -2.56688E+01  -2.37964E+01  -1.91085E+01  -7.59350E+00  -1.56403E+00  -1.40324E+00  -1.10200E+00   8.80860E-01   2.77416E+00   3.58038E+00   4.87246E+00   4.87276E+00   7.26917E+00   9.22901E+00   9.37588E+00   1.21955E+01   1.83542E+01
 161 0.000E+00 0.520E+00 0.520E+00    0.36887E+01       -3.14112E+01  -2.54053E+01  -2.35847E+01  -1.89048E+01  -7.49326E+00  -1.78161E+00  -1.62860E+00  -1.34536E+00   1.20720E+00   2.64690E+00   3.83980E+00   4.81861E+00   4.92839E+00   7.33967E+00   8.49952E+00   9.84443E+00   1.17684E+01   1.85516E+01
 162 0.000E+00 0.502E+00 0.502E+00    0.37140E+01       -3.17401E+01  -2.51305E+01  -2.33539E+01  -1.86986E+01  -7.41382E+00  -2.03206E+00  -1.81841E+00  -1.61059E+00   1.63912E+00   2.62842E+00   4.00959E+00   4.62779E+00   4.74892E+00   7.45014E+00   7.91979E+00   9.96864E+00   1.13329E+01   1.89237E+01
 163 0.000E+00 0.484E+00 0.484E+00    0.37394E+01       -3.20637E+01  -2.48441E+01  -2.31060E+01  -1.84905E+01  -7.35566E+00  -2.31731E+00  -1.97180E+00  -1.88758E+00   1.96322E+00   2.96176E+00   3.96909E+00   4.29099E+00   4.38830E+00   7.50489E+00   7.68921E+00   9.68930E+00   1.09274E+01   1.94942E+01
 164 0.000E+00 0.466E+00 0.466E+00    0.37647E+01       -3.23796E+01  -2.45456E+01  -2.28427E+01  -1.82812E+01  -7.31817E+00  -2.63250E+00  -2.18005E+00  -2.07914E+00   2.05119E+00   3.43031E+00   3.75293E+00   3.81218E+00   4.24130E+00   7.53397E+00   7.70299E+00   9.09316E+00   1.05622E+01   2.02809E+01
 165 0.000E+00 0.448E+00 0.448E+00    0.37901E+01       -3.26855E+01  -2.42345E+01  -2.25651E+01  -1.80714E+01  -7.29957E+00  -2.96906E+00  -2.46505E+00  -2.16201E+00   2.04966E+00   2.73527E+00   3.17437E+00   4.14969E+00   4.78661E+00   7.56285E+00   7.76350E+00   8.40917E+00   1.02321E+01   2.13001E+01
 166 0.000E+00 0.430E+00 0.430E+00    0.38154E+01       -3.29796E+01  -2.39100E+01  -2.22745E+01  -1.78619E+01  -7.29697E+00  -3.31722E+00  -2.74910E+00  -2.21626E+00   1.81387E+00   2.09891E+00   2.66144E+00   4.02950E+00   5.64757E+00   7.34381E+00   7.97579E+00   8.03908E+00   9.93790E+00   2.25625E+01
 167 0.000E+00 0.412E+00 0.412E+00    0.38408E+01       -3.32602E+01  -2.35719E+01  -2.19715E+01  -1.76531E+01  -7.30658E+00  -3.66768E+00  -3.02823E+00  -2.25079E+00   1.08205E+00   1.57946E+00   2.60746E+00   3.89385E+00   5.77787E+00   6.89589E+00   8.22649E+00   8.48288E+00   9.69659E+00   2.40647E+01
 168 0.000E+00 0.394E+00 0.394E+00    0.38661E+01       -3.35261E+01  -2.32197E+01  -2.16567E+01  -1.74458E+01  -7.32415E+00  -4.01254E+00  -3.30063E+00  -2.27311E+00   2.14786E-01   1.19208E+00   2.74271E+00   3.76224E+00   5.43126E+00   6.22834E+00   8.46647E+00   9.26501E+00   9.52765E+00   2.57777E+01
 169 0.000E+00 0.376E+00 0.376E+00    0.38915E+01       -3.37760E+01  -2.28536E+01  -2.13306E+01  -1.72407E+01  -7.34545E+00  -4.34582E+00  -3.56547E+00  -2.28929E+00  -5.90281E-01   9.33643E-01   2.92321E+00   3.65138E+00   5.02922E+00   5.38816E+00   8.65742E+00   9.44578E+00   9.69556E+00   2.76327E+01
 170 0.000E+00 0.358E+00 0.358E+00    0.39168E+01       -3.40089E+01  -2.24739E+01  -2.09935E+01  -1.70390E+01  -7.36681E+00  -4.66362E+00  -3.82268E+00  -2.30444E+00  -1.27040E+00   7.94608E-01   3.07369E+00   3.57197E+00   4.45126E+00   4.69809E+00   8.75230E+00   9.47366E+00   9.50425E+00   2.95094E+01
 171 0.000E+00 0.341E+00 0.341E+00    0.39422E+01       -3.42241E+01  -2.20812E+01  -2.06457E+01  -1.68422E+01  -7.38547E+00  -4.96430E+00  -4.07285E+00  -2.32519E+00  -1.80538E+00   7.67228E-01   3.07577E+00   3.42860E+00   3.59612E+00   4.52554E+00   8.72881E+00   8.74293E+00   9.60389E+00   3.12289E+01
 172 0.000E+00 0.323E+00 0.323E+00    0.39675E+01       -3.44211E+01  -2.16765E+01  -2.02878E+01  -1.66517E+01  -7.39992E+00  -5.24843E+00  -4.31713E+00  -2.36245E+00  -2.19230E+00   8.48342E-01   2.55332E+00   2.80454E+00   3.55878E+00   4.56713E+00   7.64333E+00   8.67891E+00   9.78334E+00   3.25629E+01
 173 0.000E+00 0.305E+00 0.305E+00    0.39929E+01       -3.45996E+01  -2.12609E+01  -1.99204E+01  -1.64691E+01  -7.40991E+00  -5.51854E+00  -4.55706E+00  -2.43363E+00  -2.43150E+00   1.01668E+00   1.74666E+00   2.24620E+00   3.61272E+00   4.74713E+00   6.60984E+00   8.60628E+00   9.97382E+00   3.32651E+01
 174 0.000E+00 0.287E+00 0.287E+00    0.40182E+01       -3.47596E+01  -2.08357E+01  -1.95445E+01  -1.62959E+01  -7.41637E+00  -5.77840E+00  -4.79440E+00  -2.54870E+00  -2.53184E+00   8.61691E-01   1.46486E+00   1.48042E+00   3.73687E+00   4.96940E+00   5.88156E+00   8.55759E+00   1.01611E+01   3.31262E+01
 175 0.000E+00 0.269E+00 0.269E+00    0.40436E+01       -3.49014E+01  -2.04021E+01  -1.91615E+01  -1.61329E+01  -7.42117E+00  -6.03192E+00  -5.03087E+00  -2.72748E+00  -2.48934E+00   3.13140E-01   6.07882E-01   1.78909E+00   3.99127E+00   5.18854E+00   5.48863E+00   8.56086E+00   1.03492E+01   3.20370E+01
 176 0.000E+00 0.251E+00 0.251E+00    0.40689E+01       -3.50256E+01  -1.99616E+01  -1.87734E+01  -1.59809E+01  -7.42667E+00  -6.28173E+00  -5.26788E+00  -2.97560E+00  -2.31958E+00  -1.45395E-01  -1.24304E-01   2.06848E+00   4.46696E+00   5.33060E+00   5.40055E+00   8.64252E+00   1.05737E+01   3.00327E+01
 177 0.000E+00 0.233E+00 0.233E+00    0.40943E+01       -3.51328E+01  -1.95158E+01  -1.83825E+01  -1.58405E+01  -7.43525E+00  -6.52769E+00  -5.50613E+00  -3.29209E+00  -2.10632E+00  -5.98931E-01  -4.06478E-01   2.20811E+00   5.14242E+00   5.30015E+00   5.63060E+00   8.81252E+00   1.09579E+01   2.72946E+01
 178 0.000E+00 0.215E+00 0.215E+00    0.41196E+01       -3.52240E+01  -1.90664E+01  -1.79915E+01  -1.57117E+01  -7.44887E+00  -6.76620E+00  -5.74541E+00  -3.66581E+00  -2.09690E+00  -5.28351E-01  -4.34721E-01   2.23583E+00   5.30496E+00   5.78258E+00   5.93039E+00   8.98879E+00   1.18050E+01   2.41151E+01
 179 0.000E+00 0.197E+00 0.197E+00    0.41450E+01       -3.53002E+01  -1.86154E+01  -1.76038E+01  -1.55947E+01  -7.46869E+00  -6.99068E+00  -5.98458E+00  -4.07981E+00  -2.28198E+00  -4.92123E-01   4.03208E-01   2.21349E+00   5.29881E+00   6.14978E+00   6.33362E+00   8.99820E+00   1.33963E+01   2.08788E+01
 180 0.000E+00 0.179E+00 0.179E+00    0.41703E+01       -3.53625E+01  -1.81648E+01  -1.72232E+01  -1.54893E+01  -7.49494E+00  -7.19315E+00  -6.22183E+00  -4.51769E+00  -2.44359E+00  -2.97386E-01   1.78159E+00   2.18650E+00   5.27461E+00   6.20491E+00   6.85758E+00   8.77374E+00   1.51416E+01   1.84643E+01
 181 0.000E+00 0.161E+00 0.161E+00    0.41957E+01       -3.54121E+01  -1.77173E+01  -1.68540E+01  -1.53950E+01  -7.52691E+00  -7.36612E+00  -6.45521E+00  -4.96618E+00  -2.50675E+00   6.26468E-02   2.18198E+00   3.71174E+00   5.25020E+00   5.97028E+00   7.55522E+00   8.33261E+00   1.41382E+01   1.97546E+01
 182 0.000E+00 0.143E+00 0.143E+00    0.42210E+01       -3.54502E+01  -1.72764E+01  -1.65016E+01  -1.53113E+01  -7.56313E+00  -7.50412E+00  -6.68298E+00  -5.41422E+00  -2.44736E+00   5.99659E-01   2.21157E+00   5.14383E+00   5.40441E+00   6.11003E+00   7.76698E+00   8.80491E+00   1.24067E+01   2.24856E+01
 183 0.000E+00 0.125E+00 0.125E+00    0.42464E+01       -3.54781E+01  -1.68468E+01  -1.61719E+01  -1.52376E+01  -7.60462E+00  -7.60162E+00  -6.90307E+00  -5.85151E+00  -2.24373E+00   1.32310E+00   2.26721E+00   4.56659E+00   5.14114E+00   7.27336E+00   7.65197E+00   1.12533E+01   1.20288E+01   2.47631E+01
 184 0.000E+00 0.108E+00 0.108E+00    0.42717E+01       -3.54973E+01  -1.64351E+01  -1.58718E+01  -1.51733E+01  -7.66858E+00  -7.64014E+00  -7.11098E+00  -6.26780E+00  -1.86334E+00   2.15734E+00   2.37728E+00   3.86082E+00   5.12824E+00   6.94507E+00   8.45853E+00   1.05651E+01   1.74174E+01   2.59782E+01
 185 0.000E+00 0.896E-01 0.896E-01    0.42971E+01       -3.55093E+01  -1.60501E+01  -1.56083E+01  -1.51181E+01  -7.70058E+00  -7.67643E+00  -7.29709E+00  -6.65297E+00  -1.25783E+00   2.30152E+00   3.29084E+00   3.69444E+00   5.12810E+00   6.79514E+00   9.03901E+00   1.01618E+01   2.40472E+01   2.59841E+01
 186 0.000E+00 0.717E-01 0.717E-01    0.43224E+01       -3.55161E+01  -1.57032E+01  -1.53878E+01  -1.50722E+01  -7.70852E+00  -7.70830E+00  -7.44833E+00  -6.99670E+00  -3.62381E-01   2.62790E+00   3.80191E+00   4.40723E+00   5.14058E+00   6.95915E+00   9.49046E+00   9.95950E+00   2.51036E+01   2.99752E+01
 187 0.000E+00 0.538E-01 0.538E-01    0.43478E+01       -3.55193E+01  -1.54086E+01  -1.52141E+01  -1.50359E+01  -7.73535E+00  -7.70119E+00  -7.55693E+00  -7.28645E+00   8.92919E-01   3.37492E+00   4.20674E+00   5.00313E+00   5.16114E+00   7.72512E+00   9.82834E+00   9.93168E+00   2.39569E+01   3.21669E+01
 188 0.000E+00 0.358E-01 0.358E-01    0.43731E+01       -3.55206E+01  -1.51817E+01  -1.50892E+01  -1.50097E+01  -7.75826E+00  -7.68854E+00  -7.62557E+00  -7.50569E+00   2.52663E+00   4.28648E+00   4.66260E+00   5.17880E+00   5.18319E+00   8.89945E+00   1.00401E+01   1.00579E+01   2.31828E+01   2.96385E+01
 189 0.000E+00 0.179E-01 0.179E-01    0.43985E+01       -3.55210E+01  -1.50379E+01  -1.50137E+01  -1.49938E+01  -7.78134E+00  -7.67784E+00  -7.66230E+00  -7.63551E+00   4.28928E+00   4.96347E+00   5.04545E+00   5.19992E+00   5.20621E+00   9.86350E+00   1.01716E+01   1.01842E+01   2.30475E+01   2.52742E+01
 190 0.000E+00 0.000E+00 0.000E+00    0.44238E+01       -3.55211E+01  -1.49885E+01  -1.49885E+01  -1.49885E+01  -7.79551E+00  -7.67375E+00  -7.67375E+00  -7.67375E+00   5.19158E+00   5.19158E+00   5.20723E+00   5.20723E+00   5.20723E+00   1.02201E+01   1.02201E+01   1.02201E+01   2.31354E+01   2.31354E+01
