   1   0.306E+00   0.306E+00   0.306E+00      0.00000E+00       -2.39535E+01  -2.13814E+01  -1.52571E+01  -1.52571E+01  -1.29151E+01  -1.11817E+01  -1.11817E+01  -4.52608E+00  -3.83371E+00  -3.83371E+00  -2.96715E+00  -2.96715E+00  -2.40225E+00   1.62594E+00   2.17776E+00   2.17776E+00   4.18306E+00   4.18306E+00
   2   0.298E+00   0.298E+00   0.298E+00      0.13597E-01       -2.39648E+01  -2.13655E+01  -1.52563E+01  -1.52563E+01  -1.29137E+01  -1.11803E+01  -1.11803E+01  -4.54523E+00  -3.88605E+00  -3.88605E+00  -2.91538E+00  -2.91538E+00  -2.38744E+00   1.63013E+00   2.17474E+00   2.17474E+00   4.18562E+00   4.18562E+00
   3   0.290E+00   0.290E+00   0.290E+00      0.27194E-01       -2.39978E+01  -2.13188E+01  -1.52538E+01  -1.52538E+01  -1.29094E+01  -1.11760E+01  -1.11760E+01  -4.60098E+00  -4.01666E+00  -4.01666E+00  -2.78652E+00  -2.78652E+00  -2.34479E+00   1.64275E+00   2.16572E+00   2.16572E+00   4.19327E+00   4.19327E+00
   4   0.283E+00   0.283E+00   0.283E+00      0.40791E-01       -2.40501E+01  -2.12436E+01  -1.52496E+01  -1.52496E+01  -1.29023E+01  -1.11690E+01  -1.11690E+01  -4.68888E+00  -4.18661E+00  -4.18661E+00  -2.61952E+00  -2.61952E+00  -2.27891E+00   1.66392E+00   2.15087E+00   2.15087E+00   4.20597E+00   4.20597E+00
   5   0.275E+00   0.275E+00   0.275E+00      0.54388E-01       -2.41185E+01  -2.11433E+01  -1.52438E+01  -1.52438E+01  -1.28923E+01  -1.11594E+01  -1.11594E+01  -4.80330E+00  -4.37419E+00  -4.37419E+00  -2.43617E+00  -2.43617E+00  -2.19572E+00   1.69384E+00   2.13046E+00   2.13046E+00   4.22364E+00   4.22364E+00
   6   0.267E+00   0.267E+00   0.267E+00      0.67986E-01       -2.41994E+01  -2.10213E+01  -1.52362E+01  -1.52362E+01  -1.28796E+01  -1.11474E+01  -1.11474E+01  -4.93873E+00  -4.56927E+00  -4.56927E+00  -2.24669E+00  -2.24669E+00  -2.10110E+00   1.73280E+00   2.10485E+00   2.10485E+00   4.24615E+00   4.24615E+00
   7   0.259E+00   0.259E+00   0.259E+00      0.81583E-01       -2.42893E+01  -2.08811E+01  -1.52270E+01  -1.52270E+01  -1.28639E+01  -1.11333E+01  -1.11333E+01  -5.09046E+00  -4.76676E+00  -4.76676E+00  -2.05628E+00  -2.05628E+00  -2.00019E+00   1.78109E+00   2.07448E+00   2.07448E+00   4.27337E+00   4.27337E+00
   8   0.251E+00   0.251E+00   0.251E+00      0.95180E-01       -2.43855E+01  -2.07256E+01  -1.52159E+01  -1.52159E+01  -1.28454E+01  -1.11174E+01  -1.11174E+01  -5.25479E+00  -4.96366E+00  -4.96366E+00  -1.89718E+00  -1.86800E+00  -1.86800E+00   1.83904E+00   2.03982E+00   2.03982E+00   4.30513E+00   4.30513E+00
   9   0.243E+00   0.243E+00   0.243E+00      0.10878E+00       -2.44853E+01  -2.05574E+01  -1.52031E+01  -1.52031E+01  -1.28241E+01  -1.11002E+01  -1.11002E+01  -5.42888E+00  -5.15798E+00  -5.15798E+00  -1.79537E+00  -1.68393E+00  -1.68393E+00   1.90697E+00   2.00142E+00   2.00142E+00   4.34123E+00   4.34123E+00
  10   0.236E+00   0.236E+00   0.236E+00      0.12237E+00       -2.45869E+01  -2.03785E+01  -1.51885E+01  -1.51885E+01  -1.28000E+01  -1.10821E+01  -1.10821E+01  -5.61059E+00  -5.34818E+00  -5.34818E+00  -1.69731E+00  -1.50563E+00  -1.50563E+00   1.95984E+00   1.95984E+00   1.98511E+00   4.38145E+00   4.38145E+00
  11   0.228E+00   0.228E+00   0.228E+00      0.13597E+00       -2.46885E+01  -2.01904E+01  -1.51721E+01  -1.51721E+01  -1.27730E+01  -1.10637E+01  -1.10637E+01  -5.79831E+00  -5.53297E+00  -5.53297E+00  -1.60494E+00  -1.33438E+00  -1.33438E+00   1.91566E+00   1.91566E+00   2.07364E+00   4.42554E+00   4.42554E+00
  12   0.220E+00   0.220E+00   0.220E+00      0.14957E+00       -2.47890E+01  -1.99947E+01  -1.51537E+01  -1.51537E+01  -1.27433E+01  -1.10455E+01  -1.10455E+01  -5.99085E+00  -5.71116E+00  -5.71116E+00  -1.51965E+00  -1.17127E+00  -1.17127E+00   1.86946E+00   1.86946E+00   2.17257E+00   4.47323E+00   4.47323E+00
  13   0.212E+00   0.212E+00   0.212E+00      0.16317E+00       -2.48873E+01  -1.97923E+01  -1.51335E+01  -1.51335E+01  -1.27108E+01  -1.10285E+01  -1.10285E+01  -6.18729E+00  -5.88165E+00  -5.88165E+00  -1.44237E+00  -1.01728E+00  -1.01728E+00   1.82183E+00   1.82183E+00   2.28177E+00   4.52421E+00   4.52421E+00
  14   0.204E+00   0.204E+00   0.204E+00      0.17676E+00       -2.49826E+01  -1.95841E+01  -1.51114E+01  -1.51114E+01  -1.26756E+01  -1.10131E+01  -1.10131E+01  -6.38693E+00  -6.04334E+00  -6.04334E+00  -1.37362E+00  -8.73310E-01  -8.73310E-01   1.77338E+00   1.77338E+00   2.40094E+00   4.57815E+00   4.57815E+00
  15   0.196E+00   0.196E+00   0.196E+00      0.19036E+00       -2.50742E+01  -1.93709E+01  -1.50873E+01  -1.50873E+01  -1.26379E+01  -1.10004E+01  -1.10004E+01  -6.58926E+00  -6.19516E+00  -6.19516E+00  -1.31354E+00  -7.40181E-01  -7.40181E-01   1.72474E+00   1.72474E+00   2.52961E+00   4.63468E+00   4.63468E+00
  16   0.188E+00   0.188E+00   0.188E+00      0.20396E+00       -2.51616E+01  -1.91534E+01  -1.50614E+01  -1.50614E+01  -1.25976E+01  -1.09910E+01  -1.09910E+01  -6.79387E+00  -6.33604E+00  -6.33604E+00  -1.26197E+00  -6.18678E-01  -6.18678E-01   1.67657E+00   1.67657E+00   2.66713E+00   4.69341E+00   4.69341E+00
  17   0.181E+00   0.181E+00   0.181E+00      0.21755E+00       -2.52444E+01  -1.89321E+01  -1.50334E+01  -1.50334E+01  -1.25550E+01  -1.09860E+01  -1.09860E+01  -7.00048E+00  -6.46499E+00  -6.46499E+00  -1.21843E+00  -5.09557E-01  -5.09557E-01   1.62957E+00   1.62957E+00   2.81270E+00   4.75391E+00   4.75391E+00
  18   0.173E+00   0.173E+00   0.173E+00      0.23115E+00       -2.53223E+01  -1.87074E+01  -1.50036E+01  -1.50036E+01  -1.25101E+01  -1.09860E+01  -1.09860E+01  -7.20884E+00  -6.58105E+00  -6.58105E+00  -1.18224E+00  -4.13558E-01  -4.13558E-01   1.58452E+00   1.58452E+00   2.96541E+00   4.81575E+00   4.81575E+00
  19   0.165E+00   0.165E+00   0.165E+00      0.24475E+00       -2.53951E+01  -1.84797E+01  -1.49718E+01  -1.49718E+01  -1.24631E+01  -1.09919E+01  -1.09919E+01  -7.41878E+00  -6.68338E+00  -6.68338E+00  -1.15251E+00  -3.31399E-01  -3.31399E-01   1.54226E+00   1.54226E+00   3.12425E+00   4.87844E+00   4.87844E+00
  20   0.157E+00   0.157E+00   0.157E+00      0.25835E+00       -2.54626E+01  -1.82495E+01  -1.49382E+01  -1.49382E+01  -1.24144E+01  -1.10043E+01  -1.10043E+01  -7.63018E+00  -6.77132E+00  -6.77132E+00  -1.12825E+00  -2.63759E-01  -2.63759E-01   1.50367E+00   1.50367E+00   3.28811E+00   4.94150E+00   4.94150E+00
  21   0.149E+00   0.149E+00   0.149E+00      0.27194E+00       -2.55249E+01  -1.80171E+01  -1.49028E+01  -1.49028E+01  -1.23641E+01  -1.10237E+01  -1.10237E+01  -7.84291E+00  -6.84440E+00  -6.84440E+00  -1.10833E+00  -2.11226E-01  -2.11226E-01   1.46964E+00   1.46964E+00   3.45583E+00   5.00445E+00   5.00445E+00
  22   0.141E+00   0.141E+00   0.141E+00      0.28554E+00       -2.55818E+01  -1.77828E+01  -1.48657E+01  -1.48657E+01  -1.23126E+01  -1.10503E+01  -1.10503E+01  -8.05684E+00  -6.90242E+00  -6.90242E+00  -1.09163E+00  -1.74212E-01  -1.74212E-01   1.44097E+00   1.44097E+00   3.62622E+00   5.06680E+00   5.06680E+00
  23   0.133E+00   0.133E+00   0.133E+00      0.29914E+00       -2.56335E+01  -1.75469E+01  -1.48270E+01  -1.48270E+01  -1.22602E+01  -1.10841E+01  -1.10841E+01  -8.27185E+00  -6.94547E+00  -6.94547E+00  -1.07700E+00  -1.52845E-01  -1.52845E-01   1.41826E+00   1.41826E+00   3.79803E+00   5.12807E+00   5.12807E+00
  24   0.126E+00   0.126E+00   0.126E+00      0.31273E+00       -2.56801E+01  -1.73096E+01  -1.47869E+01  -1.47869E+01  -1.22074E+01  -1.11248E+01  -1.11248E+01  -8.48775E+00  -6.97395E+00  -6.97395E+00  -1.06337E+00  -1.46861E-01  -1.46861E-01   1.40184E+00   1.40184E+00   3.96998E+00   5.18780E+00   5.18780E+00
  25   0.118E+00   0.118E+00   0.118E+00      0.32633E+00       -2.57218E+01  -1.70715E+01  -1.47455E+01  -1.47455E+01  -1.21546E+01  -1.11720E+01  -1.11720E+01  -8.70430E+00  -6.98858E+00  -6.98858E+00  -1.04979E+00  -1.55533E-01  -1.55533E-01   1.39165E+00   1.39165E+00   4.14078E+00   5.24555E+00   5.24555E+00
  26   0.110E+00   0.110E+00   0.110E+00      0.33993E+00       -2.57588E+01  -1.68327E+01  -1.47030E+01  -1.47030E+01  -1.21025E+01  -1.12248E+01  -1.12248E+01  -8.92115E+00  -6.99036E+00  -6.99036E+00  -1.03547E+00  -1.77665E-01  -1.77665E-01   1.38728E+00   1.38728E+00   4.30911E+00   5.30094E+00   5.30094E+00
  27   0.102E+00   0.102E+00   0.102E+00      0.35353E+00       -2.57915E+01  -1.65939E+01  -1.46599E+01  -1.46599E+01  -1.20516E+01  -1.12822E+01  -1.12822E+01  -9.13782E+00  -6.98055E+00  -6.98055E+00  -1.01980E+00  -2.11654E-01  -2.11654E-01   1.38802E+00   1.38802E+00   4.47363E+00   5.35360E+00   5.35360E+00
  28   0.942E-01   0.942E-01   0.942E-01      0.36712E+00       -2.58202E+01  -1.63555E+01  -1.46162E+01  -1.46162E+01  -1.20027E+01  -1.13433E+01  -1.13433E+01  -9.35367E+00  -6.96063E+00  -6.96063E+00  -1.00242E+00  -2.55599E-01  -2.55599E-01   1.39296E+00   1.39296E+00   4.63299E+00   5.40321E+00   5.40321E+00
  29   0.864E-01   0.864E-01   0.864E-01      0.38072E+00       -2.58451E+01  -1.61183E+01  -1.45726E+01  -1.45726E+01  -1.19566E+01  -1.14067E+01  -1.14067E+01  -9.56779E+00  -6.93225E+00  -6.93225E+00  -9.83231E-01  -3.07412E-01  -3.07412E-01   1.40112E+00   1.40112E+00   4.78585E+00   5.44952E+00   5.44952E+00
  30   0.785E-01   0.785E-01   0.785E-01      0.39432E+00       -2.58667E+01  -1.58834E+01  -1.45293E+01  -1.45293E+01  -1.19142E+01  -1.14711E+01  -1.14711E+01  -9.77898E+00  -6.89717E+00  -6.89717E+00  -9.62358E-01  -3.64915E-01  -3.64915E-01   1.41154E+00   1.41154E+00   4.93087E+00   5.49227E+00   5.49227E+00
  31   0.707E-01   0.707E-01   0.707E-01      0.40791E+00       -2.58853E+01  -1.56518E+01  -1.44869E+01  -1.44869E+01  -1.18766E+01  -1.15352E+01  -1.15352E+01  -9.98557E+00  -6.85726E+00  -6.85726E+00  -9.40173E-01  -4.25901E-01  -4.25901E-01   1.42335E+00   1.42335E+00   5.06676E+00   5.53130E+00   5.53130E+00
  32   0.628E-01   0.628E-01   0.628E-01      0.42151E+00       -2.59012E+01  -1.54253E+01  -1.44461E+01  -1.44461E+01  -1.18450E+01  -1.15977E+01  -1.15977E+01  -1.01853E+01  -6.81444E+00  -6.81444E+00  -9.17243E-01  -4.88175E-01  -4.88175E-01   1.43577E+00   1.43577E+00   5.19225E+00   5.56646E+00   5.56646E+00
  33   0.550E-01   0.550E-01   0.550E-01      0.43511E+00       -2.59146E+01  -1.52061E+01  -1.44074E+01  -1.44074E+01  -1.18211E+01  -1.16570E+01  -1.16570E+01  -1.03752E+01  -6.77065E+00  -6.77065E+00  -8.94282E-01  -5.49581E-01  -5.49581E-01   1.44813E+00   1.44813E+00   5.30614E+00   5.59763E+00   5.59763E+00
  34   0.471E-01   0.471E-01   0.471E-01      0.44871E+00       -2.59258E+01  -1.49969E+01  -1.43716E+01  -1.43716E+01  -1.18065E+01  -1.17120E+01  -1.17120E+01  -1.05512E+01  -6.72781E+00  -6.72781E+00  -8.72098E-01  -6.08026E-01  -6.08026E-01   1.45988E+00   1.45988E+00   5.40732E+00   5.62473E+00   5.62473E+00
  35   0.393E-01   0.393E-01   0.393E-01      0.46230E+00       -2.59349E+01  -1.48018E+01  -1.43394E+01  -1.43394E+01  -1.18030E+01  -1.17612E+01  -1.17612E+01  -1.07083E+01  -6.68777E+00  -6.68777E+00  -8.51534E-01  -6.61512E-01  -6.61512E-01   1.47056E+00   1.47056E+00   5.49479E+00   5.64772E+00   5.64772E+00
  36   0.314E-01   0.314E-01   0.314E-01      0.47590E+00       -2.59422E+01  -1.46259E+01  -1.43117E+01  -1.43117E+01  -1.18115E+01  -1.18035E+01  -1.18035E+01  -1.08410E+01  -6.65226E+00  -6.65226E+00  -8.33407E-01  -7.08186E-01  -7.08186E-01   1.47978E+00   1.47978E+00   5.56764E+00   5.66655E+00   5.66655E+00
  37   0.236E-01   0.236E-01   0.236E-01      0.48950E+00       -2.59478E+01  -1.44757E+01  -1.42892E+01  -1.42892E+01  -1.18377E+01  -1.18377E+01  -1.18306E+01  -1.09446E+01  -6.62285E+00  -6.62285E+00  -8.18457E-01  -7.46395E-01  -7.46395E-01   1.48726E+00   1.48726E+00   5.62511E+00   5.68121E+00   5.68121E+00
  38   0.157E-01   0.157E-01   0.157E-01      0.50309E+00       -2.59517E+01  -1.43591E+01  -1.42726E+01  -1.42726E+01  -1.18629E+01  -1.18629E+01  -1.18549E+01  -1.10169E+01  -6.60083E+00  -6.60083E+00  -8.07307E-01  -7.74751E-01  -7.74751E-01   1.49277E+00   1.49277E+00   5.66661E+00   5.69169E+00   5.69169E+00
  39   0.785E-02   0.785E-02   0.785E-02      0.51669E+00       -2.59540E+01  -1.42847E+01  -1.42624E+01  -1.42624E+01  -1.18784E+01  -1.18784E+01  -1.18755E+01  -1.10587E+01  -6.58721E+00  -6.58721E+00  -8.00424E-01  -7.92204E-01  -7.92204E-01   1.49613E+00   1.49613E+00   5.69168E+00   5.69798E+00   5.69798E+00
  40   0.000E+00   0.000E+00   0.000E+00      0.53029E+00       -2.59548E+01  -1.42590E+01  -1.42590E+01  -1.42590E+01  -1.18836E+01  -1.18836E+01  -1.18836E+01  -1.10722E+01  -6.58260E+00  -6.58260E+00  -7.98097E-01  -7.98097E-01  -7.98097E-01   1.49727E+00   1.49727E+00   5.70007E+00   5.70007E+00   5.70007E+00
  41   0.000E+00   0.000E+00   0.000E+00      0.53029E+00       -2.59548E+01  -1.42590E+01  -1.42590E+01  -1.42590E+01  -1.18836E+01  -1.18836E+01  -1.18836E+01  -1.10722E+01  -6.58260E+00  -6.58260E+00  -7.98097E-01  -7.98097E-01  -7.98097E-01   1.49727E+00   1.49727E+00   5.70007E+00   5.70007E+00   5.70007E+00
  42   0.000E+00   0.157E-01   0.000E+00      0.54599E+00       -2.59538E+01  -1.42790E+01  -1.42707E+01  -1.42707E+01  -1.18892E+01  -1.18682E+01  -1.18682E+01  -1.10544E+01  -6.59803E+00  -6.57944E+00  -7.97535E-01  -7.97506E-01  -7.86646E-01   1.49428E+00   1.49721E+00   5.69199E+00   5.69571E+00   5.69574E+00
  43   0.000E+00   0.314E-01   0.000E+00      0.56169E+00       -2.59507E+01  -1.43377E+01  -1.43050E+01  -1.43050E+01  -1.19062E+01  -1.18232E+01  -1.18232E+01  -1.10027E+01  -6.64343E+00  -6.56995E+00  -7.95862E-01  -7.95753E-01  -7.52807E-01   1.48531E+00   1.49706E+00   5.66781E+00   5.68265E+00   5.68275E+00
  44   0.000E+00   0.471E-01   0.000E+00      0.57739E+00       -2.59454E+01  -1.44311E+01  -1.43593E+01  -1.43593E+01  -1.19340E+01  -1.17510E+01  -1.17509E+01  -1.09215E+01  -6.71630E+00  -6.55414E+00  -7.93120E-01  -7.92898E-01  -6.98012E-01   1.47039E+00   1.49697E+00   5.62776E+00   5.66095E+00   5.66114E+00
  45   0.000E+00   0.628E-01   0.000E+00      0.59309E+00       -2.59378E+01  -1.45541E+01  -1.44303E+01  -1.44303E+01  -1.19724E+01  -1.16550E+01  -1.16548E+01  -1.08172E+01  -6.81266E+00  -6.53201E+00  -7.89387E-01  -7.89044E-01  -6.24334E-01   1.44956E+00   1.49719E+00   5.57219E+00   5.63070E+00   5.63101E+00
  46   0.000E+00   0.785E-01   0.000E+00      0.60879E+00       -2.59276E+01  -1.47010E+01  -1.45144E+01  -1.45144E+01  -1.20207E+01  -1.15388E+01  -1.15386E+01  -1.06970E+01  -6.92741E+00  -6.50358E+00  -7.84792E-01  -7.84349E-01  -5.34142E-01   1.42285E+00   1.49814E+00   5.50165E+00   5.59207E+00   5.59249E+00
  47   0.000E+00   0.942E-01   0.000E+00      0.62449E+00       -2.59147E+01  -1.48669E+01  -1.46082E+01  -1.46082E+01  -1.20781E+01  -1.14059E+01  -1.14056E+01  -1.05684E+01  -7.05442E+00  -6.46886E+00  -7.79527E-01  -7.79035E-01  -4.29800E-01   1.39032E+00   1.50044E+00   5.41687E+00   5.54529E+00   5.54577E+00
  48   0.000E+00   0.110E+00   0.000E+00      0.64019E+00       -2.58987E+01  -1.50475E+01  -1.47089E+01  -1.47088E+01  -1.21436E+01  -1.12593E+01  -1.12590E+01  -1.04392E+01  -7.18655E+00  -6.42787E+00  -7.73868E-01  -7.73399E-01  -3.13477E-01   1.35205E+00   1.50496E+00   5.31879E+00   5.49068E+00   5.49116E+00
  49   0.000E+00   0.126E+00   0.000E+00      0.65589E+00       -2.58791E+01  -1.52396E+01  -1.48140E+01  -1.48140E+01  -1.22163E+01  -1.11012E+01  -1.11010E+01  -1.03179E+01  -7.31548E+00  -6.38063E+00  -7.68189E-01  -7.67825E-01  -1.87070E-01   1.30810E+00   1.51280E+00   5.20853E+00   5.42863E+00   5.42902E+00
  50   0.000E+00   0.141E+00   0.000E+00      0.67159E+00       -2.58555E+01  -1.54403E+01  -1.49218E+01  -1.49217E+01  -1.22951E+01  -1.09337E+01  -1.09336E+01  -1.02139E+01  -7.43149E+00  -6.32717E+00  -7.62972E-01  -7.62791E-01  -5.22146E-02   1.25855E+00   1.52516E+00   5.08740E+00   5.35965E+00   5.35986E+00
  51   0.000E+00   0.157E+00   0.000E+00      0.68729E+00       -2.58274E+01  -1.56478E+01  -1.50306E+01  -1.50306E+01  -1.23789E+01  -1.07585E+01  -1.07585E+01  -1.01373E+01  -7.52364E+00  -6.26754E+00  -7.58881E-01  -7.58815E-01   8.96641E-02   1.20348E+00   1.54323E+00   4.95693E+00   5.28427E+00   5.28435E+00
  52   0.000E+00   0.173E+00   0.000E+00      0.70299E+00       -2.57943E+01  -1.58605E+01  -1.51395E+01  -1.51394E+01  -1.24665E+01  -1.05769E+01  -1.05766E+01  -1.00984E+01  -7.58088E+00  -6.20177E+00  -7.56783E-01  -7.56437E-01   2.37295E-01   1.14296E+00   1.56789E+00   4.81881E+00   5.20296E+00   5.20341E+00
  53   0.000E+00   0.188E+00   0.000E+00      0.71870E+00       -2.57556E+01  -1.60770E+01  -1.52473E+01  -1.52473E+01  -1.25567E+01  -1.03897E+01  -1.03893E+01  -1.01049E+01  -7.59451E+00  -6.12992E+00  -7.57287E-01  -7.56663E-01   3.89514E-01   1.07707E+00   1.59942E+00   4.67500E+00   5.11673E+00   5.11759E+00
  54   0.000E+00   0.204E+00   0.000E+00      0.73440E+00       -2.57109E+01  -1.62967E+01  -1.53534E+01  -1.53534E+01  -1.26484E+01  -1.01979E+01  -1.01973E+01  -1.01592E+01  -7.56095E+00  -6.05207E+00  -7.61276E-01  -7.60415E-01   5.45220E-01   1.00588E+00   1.63716E+00   4.52774E+00   5.02648E+00   5.02774E+00
  55   0.000E+00   0.220E+00   0.000E+00      0.75010E+00       -2.56597E+01  -1.65186E+01  -1.54572E+01  -1.54572E+01  -1.27406E+01  -1.02576E+01  -1.00020E+01  -1.00013E+01  -7.48266E+00  -5.96827E+00  -7.69707E-01  -7.68688E-01   7.03331E-01   9.29438E-01   1.67925E+00   4.37975E+00   4.93312E+00   4.93471E+00
  56   0.000E+00   0.236E+00   0.000E+00      0.76580E+00       -2.56017E+01  -1.67424E+01  -1.55582E+01  -1.55582E+01  -1.28323E+01  -1.03921E+01  -9.80274E+00  -9.80195E+00  -7.36631E+00  -5.87862E+00  -7.83589E-01  -7.82515E-01   8.47817E-01   8.62741E-01   1.72238E+00   4.23437E+00   4.83761E+00   4.83939E+00
  57   0.000E+00   0.251E+00   0.000E+00      0.78150E+00       -2.55364E+01  -1.69676E+01  -1.56560E+01  -1.56559E+01  -1.29227E+01  -1.05535E+01  -9.60049E+00  -9.59973E+00  -7.21991E+00  -5.78322E+00  -8.03951E-01  -8.02941E-01   7.61064E-01   1.02229E+00   1.76162E+00   4.09576E+00   4.74088E+00   4.74266E+00
  58   0.000E+00   0.267E+00   0.000E+00      0.79720E+00       -2.54637E+01  -1.71939E+01  -1.57502E+01  -1.57501E+01  -1.30109E+01  -1.07330E+01  -9.39571E+00  -9.39506E+00  -7.05080E+00  -5.68218E+00  -8.31804E-01  -8.30973E-01   6.69226E-01   1.18080E+00   1.79042E+00   3.96901E+00   4.64384E+00   4.64538E+00
  59   0.000E+00   0.283E+00   0.000E+00      0.81290E+00       -2.53834E+01  -1.74210E+01  -1.58406E+01  -1.58406E+01  -1.30963E+01  -1.09236E+01  -9.18876E+00  -9.18833E+00  -6.86487E+00  -5.57563E+00  -8.68100E-01  -8.67552E-01   5.72347E-01   1.33717E+00   1.80100E+00   3.85993E+00   4.54728E+00   4.54835E+00
  60   0.000E+00   0.298E+00   0.000E+00      0.82860E+00       -2.52955E+01  -1.76488E+01  -1.59269E+01  -1.59269E+01  -1.31782E+01  -1.11197E+01  -8.98001E+00  -8.97986E+00  -6.66657E+00  -5.46370E+00  -9.13695E-01  -9.13502E-01   4.70471E-01   1.49046E+00   1.78539E+00   3.77408E+00   4.45193E+00   4.45233E+00
  61   0.000E+00   0.314E+00   0.000E+00      0.84430E+00       -2.51998E+01  -1.78772E+01  -1.60090E+01  -1.60090E+01  -1.32561E+01  -1.13171E+01  -8.76995E+00  -8.76979E+00  -6.45917E+00  -5.34655E+00  -9.69507E-01  -9.69309E-01   3.63644E-01   1.63988E+00   1.73745E+00   3.71513E+00   4.35796E+00   4.35838E+00
  62   0.000E+00   0.330E+00   0.000E+00      0.86000E+00       -2.50964E+01  -1.81060E+01  -1.60868E+01  -1.60867E+01  -1.33296E+01  -1.15125E+01  -8.55891E+00  -8.55841E+00  -6.24507E+00  -5.22433E+00  -1.03607E+00  -1.03549E+00   2.51920E-01   1.65311E+00   1.78647E+00   3.68323E+00   4.26583E+00   4.26711E+00
  63   0.000E+00   0.345E+00   0.000E+00      0.87570E+00       -2.49854E+01  -1.83351E+01  -1.61600E+01  -1.61600E+01  -1.33984E+01  -1.17035E+01  -8.34700E+00  -8.34619E+00  -6.02602E+00  -5.09724E+00  -1.11351E+00  -1.11259E+00   1.35362E-01   1.53573E+00   1.92843E+00   3.67458E+00   4.17642E+00   4.17848E+00
  64   0.000E+00   0.361E+00   0.000E+00      0.89140E+00       -2.48669E+01  -1.85645E+01  -1.62286E+01  -1.62286E+01  -1.34621E+01  -1.18885E+01  -8.13452E+00  -8.13347E+00  -5.80329E+00  -4.96547E+00  -1.20193E+00  -1.20075E+00   1.40471E-02   1.38871E+00   2.06723E+00   3.68278E+00   4.09010E+00   4.09275E+00
  65   0.000E+00   0.377E+00   0.000E+00      0.90710E+00       -2.47410E+01  -1.87939E+01  -1.62926E+01  -1.62926E+01  -1.35205E+01  -1.20661E+01  -7.92178E+00  -7.92058E+00  -5.57782E+00  -4.82922E+00  -1.30120E+00  -1.29989E+00  -1.11932E-01   1.21797E+00   2.20320E+00   3.70090E+00   4.00717E+00   4.01014E+00
  66   0.000E+00   0.393E+00   0.000E+00      0.92280E+00       -2.46080E+01  -1.90233E+01  -1.63519E+01  -1.63519E+01  -1.35734E+01  -1.22354E+01  -7.70911E+00  -7.70789E+00  -5.35029E+00  -4.68872E+00  -1.41101E+00  -1.40969E+00  -2.42460E-01   1.02915E+00   2.33674E+00   3.72293E+00   3.92784E+00   3.93079E+00
  67   0.000E+00   0.408E+00   0.000E+00      0.93850E+00       -2.44681E+01  -1.92526E+01  -1.64065E+01  -1.64065E+01  -1.36206E+01  -1.23959E+01  -7.49692E+00  -7.49581E+00  -5.12118E+00  -4.54419E+00  -1.53080E+00  -1.52961E+00  -3.77401E-01   8.27087E-01   2.46810E+00   3.74453E+00   3.85227E+00   3.85487E+00
  68   0.000E+00   0.424E+00   0.000E+00      0.95420E+00       -2.43214E+01  -1.94817E+01  -1.64565E+01  -1.64564E+01  -1.36620E+01  -1.25473E+01  -7.28570E+00  -7.28483E+00  -4.89084E+00  -4.39590E+00  -1.65982E+00  -1.65889E+00  -5.16595E-01   6.15648E-01   2.59722E+00   3.76297E+00   3.78058E+00   3.78254E+00
  69   0.000E+00   0.440E+00   0.000E+00      0.96990E+00       -2.41682E+01  -1.97102E+01  -1.65018E+01  -1.65018E+01  -1.36975E+01  -1.26894E+01  -7.07603E+00  -7.07551E+00  -4.65954E+00  -4.24410E+00  -1.79708E+00  -1.79652E+00  -6.59856E-01   3.97810E-01   2.72378E+00   3.71289E+00   3.71402E+00   3.77690E+00
  70   0.000E+00   0.455E+00   0.000E+00      0.98561E+00       -2.40088E+01  -1.99382E+01  -1.65426E+01  -1.65426E+01  -1.37268E+01  -1.28220E+01  -6.86867E+00  -6.86856E+00  -4.42747E+00  -4.08907E+00  -1.94135E+00  -1.94123E+00  -8.06972E-01   1.75804E-01   2.84710E+00   3.64935E+00   3.64957E+00   3.78597E+00
  71   0.000E+00   0.471E+00   0.000E+00      0.10013E+01       -2.38434E+01  -2.01653E+01  -1.65789E+01  -1.65789E+01  -1.37500E+01  -1.29454E+01  -6.66492E+00  -6.66460E+00  -4.19479E+00  -3.93109E+00  -2.09146E+00  -2.09112E+00  -9.57709E-01  -4.87575E-02   2.96624E+00   3.58950E+00   3.59012E+00   3.79046E+00
  72   0.000E+00   0.487E+00   0.000E+00      0.10170E+01       -2.36724E+01  -2.03913E+01  -1.66109E+01  -1.66109E+01  -1.37669E+01  -1.30595E+01  -6.46581E+00  -6.46509E+00  -3.96164E+00  -3.77046E+00  -2.24528E+00  -2.24452E+00  -1.11181E+00  -2.74767E-01   3.08003E+00   3.53419E+00   3.53548E+00   3.79094E+00
  73   0.000E+00   0.502E+00   0.000E+00      0.10327E+01       -2.34960E+01  -2.06161E+01  -1.66387E+01  -1.66387E+01  -1.37774E+01  -1.31645E+01  -6.27291E+00  -6.27189E+00  -3.72818E+00  -3.60749E+00  -2.40028E+00  -2.39920E+00  -1.26899E+00  -5.01529E-01   3.18720E+00   3.48404E+00   3.48573E+00   3.78807E+00
  74   0.000E+00   0.518E+00   0.000E+00      0.10484E+01       -2.33145E+01  -2.08394E+01  -1.66624E+01  -1.66624E+01  -1.37813E+01  -1.32605E+01  -6.08853E+00  -6.08734E+00  -3.49457E+00  -3.44249E+00  -2.55344E+00  -2.55217E+00  -1.42895E+00  -7.28669E-01   3.28645E+00   3.43946E+00   3.44127E+00   3.78232E+00
  75   0.000E+00   0.534E+00   0.000E+00      0.10641E+01       -2.31282E+01  -2.10610E+01  -1.66822E+01  -1.66822E+01  -1.37786E+01  -1.33478E+01  -5.91589E+00  -5.91470E+00  -3.27580E+00  -3.26099E+00  -2.70084E+00  -2.69958E+00  -1.59138E+00  -9.56052E-01   3.37661E+00   3.40089E+00   3.40254E+00   3.77390E+00
  76   0.000E+00   0.550E+00   0.000E+00      0.10798E+01       -2.29373E+01  -2.12806E+01  -1.66982E+01  -1.66982E+01  -1.37690E+01  -1.34265E+01  -5.75941E+00  -5.75838E+00  -3.10774E+00  -3.02762E+00  -2.83745E+00  -2.83636E+00  -1.75596E+00  -1.18371E+00   3.36872E+00   3.37001E+00   3.45678E+00   3.76266E+00
  77   0.000E+00   0.565E+00   0.000E+00      0.10955E+01       -2.27423E+01  -2.14979E+01  -1.67105E+01  -1.67105E+01  -1.37524E+01  -1.34968E+01  -5.62501E+00  -5.62428E+00  -2.95684E+00  -2.95607E+00  -2.93865E+00  -2.79466E+00  -1.92233E+00  -1.41175E+00   3.34329E+00   3.34414E+00   3.52642E+00   3.74805E+00
  78   0.000E+00   0.581E+00   0.000E+00      0.11112E+01       -2.25433E+01  -2.17129E+01  -1.67192E+01  -1.67192E+01  -1.37287E+01  -1.35589E+01  -5.52008E+00  -5.51969E+00  -3.05127E+00  -3.05086E+00  -2.76889E+00  -2.56226E+00  -2.09015E+00  -1.64034E+00   3.32491E+00   3.32532E+00   3.58543E+00   3.72916E+00
  79   0.000E+00   0.597E+00   0.000E+00      0.11269E+01       -2.23405E+01  -2.19251E+01  -1.67243E+01  -1.67243E+01  -1.36977E+01  -1.36130E+01  -5.45262E+00  -5.45251E+00  -3.11249E+00  -3.11237E+00  -2.59881E+00  -2.33058E+00  -2.25908E+00  -1.86962E+00   3.31379E+00   3.31390E+00   3.63421E+00   3.70481E+00
  80   0.000E+00   0.612E+00   0.000E+00      0.11426E+01       -2.21344E+01  -2.21344E+01  -1.67261E+01  -1.67261E+01  -1.36592E+01  -1.36592E+01  -5.42926E+00  -5.42926E+00  -3.13378E+00  -3.13378E+00  -2.42875E+00  -2.42875E+00  -2.09969E+00  -2.09969E+00   3.31006E+00   3.31006E+00   3.67361E+00   3.67361E+00
  81   0.000E+00   0.612E+00   0.000E+00      0.11426E+01       -2.21344E+01  -2.21344E+01  -1.67261E+01  -1.67261E+01  -1.36592E+01  -1.36592E+01  -5.42926E+00  -5.42926E+00  -3.13378E+00  -3.13378E+00  -2.42875E+00  -2.42875E+00  -2.09969E+00  -2.09969E+00   3.31006E+00   3.31006E+00   3.67361E+00   3.67361E+00
  82   0.161E-01   0.612E+00   0.000E+00      0.11587E+01       -2.21332E+01  -2.21332E+01  -1.67402E+01  -1.67402E+01  -1.36373E+01  -1.36373E+01  -5.44254E+00  -5.44254E+00  -3.19444E+00  -3.19444E+00  -2.39917E+00  -2.39917E+00  -2.05765E+00  -2.05765E+00   3.30397E+00   3.30397E+00   3.67196E+00   3.67196E+00
  83   0.322E-01   0.612E+00   0.000E+00      0.11748E+01       -2.21296E+01  -2.21296E+01  -1.67812E+01  -1.67812E+01  -1.35729E+01  -1.35729E+01  -5.48306E+00  -5.48306E+00  -3.33478E+00  -3.33478E+00  -2.35373E+00  -2.35373E+00  -1.92925E+00  -1.92925E+00   3.28612E+00   3.28612E+00   3.66666E+00   3.66666E+00
  84   0.483E-01   0.612E+00   0.000E+00      0.11910E+01       -2.21237E+01  -2.21237E+01  -1.68454E+01  -1.68454E+01  -1.34696E+01  -1.34696E+01  -5.55259E+00  -5.55259E+00  -3.49966E+00  -3.49966E+00  -2.32427E+00  -2.32427E+00  -1.73613E+00  -1.73613E+00   3.25765E+00   3.25765E+00   3.65690E+00   3.65690E+00
  85   0.645E-01   0.612E+00   0.000E+00      0.12071E+01       -2.21156E+01  -2.21156E+01  -1.69281E+01  -1.69281E+01  -1.33324E+01  -1.33324E+01  -5.65330E+00  -5.65330E+00  -3.66095E+00  -3.66095E+00  -2.30502E+00  -2.30502E+00  -1.51022E+00  -1.51022E+00   3.22007E+00   3.22007E+00   3.64162E+00   3.64162E+00
  86   0.806E-01   0.612E+00   0.000E+00      0.12232E+01       -2.21055E+01  -2.21055E+01  -1.70239E+01  -1.70239E+01  -1.31664E+01  -1.31664E+01  -5.78665E+00  -5.78665E+00  -3.80578E+00  -3.80578E+00  -2.28947E+00  -2.28947E+00  -1.26977E+00  -1.26977E+00   3.17506E+00   3.17506E+00   3.61982E+00   3.61982E+00
  87   0.967E-01   0.612E+00   0.000E+00      0.12393E+01       -2.20935E+01  -2.20935E+01  -1.71281E+01  -1.71281E+01  -1.29764E+01  -1.29764E+01  -5.95232E+00  -5.95232E+00  -3.92876E+00  -3.92876E+00  -2.27484E+00  -2.27484E+00  -1.02369E+00  -1.02369E+00   3.12423E+00   3.12423E+00   3.59076E+00   3.59076E+00
  88   0.113E+00   0.612E+00   0.000E+00      0.12554E+01       -2.20800E+01  -2.20800E+01  -1.72365E+01  -1.72365E+01  -1.27665E+01  -1.27665E+01  -6.14785E+00  -6.14785E+00  -4.02908E+00  -4.02908E+00  -2.26007E+00  -2.26007E+00  -7.76829E-01  -7.76829E-01   3.06909E+00   3.06909E+00   3.55395E+00   3.55395E+00
  89   0.129E+00   0.612E+00   0.000E+00      0.12715E+01       -2.20652E+01  -2.20652E+01  -1.73456E+01  -1.73456E+01  -1.25403E+01  -1.25403E+01  -6.36918E+00  -6.36918E+00  -4.10870E+00  -4.10870E+00  -2.24485E+00  -2.24485E+00  -5.32297E-01  -5.32297E-01   3.01107E+00   3.01107E+00   3.50921E+00   3.50921E+00
  90   0.145E+00   0.612E+00   0.000E+00      0.12876E+01       -2.20495E+01  -2.20495E+01  -1.74527E+01  -1.74527E+01  -1.23005E+01  -1.23005E+01  -6.61158E+00  -6.61158E+00  -4.17089E+00  -4.17089E+00  -2.22917E+00  -2.22917E+00  -2.92394E-01  -2.92394E-01   2.95154E+00   2.95154E+00   3.45663E+00   3.45663E+00
  91   0.161E+00   0.612E+00   0.000E+00      0.13037E+01       -2.20333E+01  -2.20333E+01  -1.75553E+01  -1.75553E+01  -1.20493E+01  -1.20493E+01  -6.87052E+00  -6.87052E+00  -4.21910E+00  -4.21910E+00  -2.21322E+00  -2.21322E+00  -5.90840E-02  -5.90840E-02   2.89180E+00   2.89180E+00   3.39657E+00   3.39657E+00
  92   0.177E+00   0.612E+00   0.000E+00      0.13199E+01       -2.20171E+01  -2.20171E+01  -1.76517E+01  -1.76517E+01  -1.17886E+01  -1.17886E+01  -7.14212E+00  -7.14212E+00  -4.25635E+00  -4.25635E+00  -2.19729E+00  -2.19729E+00   1.65740E-01   1.65740E-01   2.83318E+00   2.83318E+00   3.32974E+00   3.32974E+00
  93   0.193E+00   0.612E+00   0.000E+00      0.13360E+01       -2.20012E+01  -2.20012E+01  -1.77402E+01  -1.77402E+01  -1.15199E+01  -1.15199E+01  -7.42319E+00  -7.42319E+00  -4.28511E+00  -4.28511E+00  -2.18174E+00  -2.18174E+00   3.80049E-01   3.80049E-01   2.77700E+00   2.77700E+00   3.25718E+00   3.25718E+00
  94   0.209E+00   0.612E+00   0.000E+00      0.13521E+01       -2.19862E+01  -2.19862E+01  -1.78195E+01  -1.78195E+01  -1.12443E+01  -1.12443E+01  -7.71123E+00  -7.71123E+00  -4.30723E+00  -4.30723E+00  -2.16700E+00  -2.16700E+00   5.81472E-01   5.81472E-01   2.72457E+00   2.72457E+00   3.18046E+00   3.18046E+00
  95   0.226E+00   0.612E+00   0.000E+00      0.13682E+01       -2.19724E+01  -2.19724E+01  -1.78885E+01  -1.78885E+01  -1.09631E+01  -1.09631E+01  -8.00425E+00  -8.00425E+00  -4.32413E+00  -4.32413E+00  -2.15350E+00  -2.15350E+00   7.67044E-01   7.67044E-01   2.67718E+00   2.67718E+00   3.10187E+00   3.10187E+00
  96   0.242E+00   0.612E+00   0.000E+00      0.13843E+01       -2.19605E+01  -2.19605E+01  -1.79462E+01  -1.79462E+01  -1.06770E+01  -1.06770E+01  -8.30067E+00  -8.30067E+00  -4.33682E+00  -4.33682E+00  -2.14168E+00  -2.14168E+00   9.32877E-01   9.32877E-01   2.63607E+00   2.63607E+00   3.02473E+00   3.02473E+00
  97   0.258E+00   0.612E+00   0.000E+00      0.14004E+01       -2.19507E+01  -2.19507E+01  -1.79919E+01  -1.79919E+01  -1.03870E+01  -1.03870E+01  -8.59920E+00  -8.59920E+00  -4.34604E+00  -4.34604E+00  -2.13197E+00  -2.13197E+00   1.07380E+00   1.07380E+00   2.60238E+00   2.60238E+00   2.95370E+00   2.95370E+00
  98   0.274E+00   0.612E+00   0.000E+00      0.14165E+01       -2.19435E+01  -2.19435E+01  -1.80250E+01  -1.80250E+01  -1.00937E+01  -1.00937E+01  -8.89870E+00  -8.89870E+00  -4.35229E+00  -4.35229E+00  -2.12474E+00  -2.12474E+00   1.18315E+00   1.18315E+00   2.57717E+00   2.57717E+00   2.89496E+00   2.89496E+00
  99   0.290E+00   0.612E+00   0.000E+00      0.14327E+01       -2.19390E+01  -2.19390E+01  -1.80450E+01  -1.80450E+01  -9.79834E+00  -9.79834E+00  -9.19791E+00  -9.19791E+00  -4.35592E+00  -4.35592E+00  -2.12028E+00  -2.12028E+00   1.25331E+00   1.25331E+00   2.56145E+00   2.56145E+00   2.85557E+00   2.85557E+00
 100   0.306E+00   0.612E+00   0.000E+00      0.14488E+01       -2.19375E+01  -2.19375E+01  -1.80518E+01  -1.80518E+01  -9.52866E+00  -9.52866E+00  -9.46888E+00  -9.46888E+00  -4.35711E+00  -4.35711E+00  -2.11877E+00  -2.11877E+00   1.27760E+00   1.27760E+00   2.55608E+00   2.55608E+00   2.84162E+00   2.84162E+00
 101   0.306E+00   0.612E+00   0.000E+00      0.14488E+01       -2.19375E+01  -2.19375E+01  -1.80518E+01  -1.80518E+01  -9.52866E+00  -9.52866E+00  -9.46888E+00  -9.46888E+00  -4.35711E+00  -4.35711E+00  -2.11877E+00  -2.11877E+00   1.27760E+00   1.27760E+00   2.55608E+00   2.55608E+00   2.84162E+00   2.84162E+00
 102   0.306E+00   0.602E+00   0.106E-01      0.14637E+01       -2.20544E+01  -2.18224E+01  -1.81389E+01  -1.79551E+01  -9.67378E+00  -9.64870E+00  -9.35336E+00  -9.30869E+00  -4.53893E+00  -4.20677E+00  -2.24788E+00  -1.96609E+00   1.20773E+00   1.33929E+00   2.47171E+00   2.63507E+00   2.77100E+00   2.91738E+00
 103   0.306E+00   0.591E+00   0.211E-01      0.14786E+01       -2.21720E+01  -2.17105E+01  -1.82150E+01  -1.78504E+01  -9.82235E+00  -9.80849E+00  -9.18778E+00  -9.13437E+00  -4.75046E+00  -4.08737E+00  -2.35349E+00  -1.79220E+00   1.13205E+00   1.38979E+00   2.38709E+00   2.66735E+00   2.74584E+00   2.99513E+00
 104   0.306E+00   0.581E+00   0.317E-01      0.14936E+01       -2.22893E+01  -2.16034E+01  -1.82785E+01  -1.77388E+01  -9.96467E+00  -9.96390E+00  -9.01662E+00  -8.95565E+00  -4.98809E+00  -3.99623E+00  -2.43786E+00  -1.60164E+00   1.05190E+00   1.42635E+00   2.30521E+00   2.61073E+00   2.80853E+00   3.07394E+00
 105   0.306E+00   0.570E+00   0.422E-01      0.15085E+01       -2.24053E+01  -2.15028E+01  -1.83274E+01  -1.76213E+01  -1.01143E+01  -1.01001E+01  -8.84113E+00  -8.77325E+00  -5.24713E+00  -3.92938E+00  -2.50437E+00  -1.40063E+00   9.68975E-01   1.44541E+00   2.22981E+00   2.54556E+00   2.87924E+00   3.15309E+00
 106   0.306E+00   0.560E+00   0.528E-01      0.15234E+01       -2.25195E+01  -2.14106E+01  -1.83598E+01  -1.74989E+01  -1.02594E+01  -1.02282E+01  -8.66232E+00  -8.58767E+00  -5.52257E+00  -3.88253E+00  -2.55657E+00  -1.19647E+00   8.85607E-01   1.44270E+00   2.16546E+00   2.48246E+00   2.94795E+00   3.23191E+00
 107   0.306E+00   0.549E+00   0.633E-01      0.15384E+01       -2.26311E+01  -2.13285E+01  -1.83739E+01  -1.73726E+01  -1.03992E+01  -1.03489E+01  -8.48156E+00  -8.39936E+00  -5.80936E+00  -3.85167E+00  -2.59770E+00  -9.97428E-01   8.05388E-01   1.41428E+00   2.11636E+00   2.42289E+00   3.01389E+00   3.30975E+00
 108   0.306E+00   0.538E+00   0.739E-01      0.15533E+01       -2.27396E+01  -2.12581E+01  -1.83680E+01  -1.72432E+01  -1.05337E+01  -1.04618E+01  -8.30110E+00  -8.20874E+00  -6.10214E+00  -3.83334E+00  -2.63045E+00  -8.13314E-01   7.34039E-01   1.35861E+00   2.08440E+00   2.36740E+00   3.07726E+00   3.38597E+00
 109   0.306E+00   0.528E+00   0.845E-01      0.15682E+01       -2.28447E+01  -2.12007E+01  -1.83407E+01  -1.71116E+01  -1.06629E+01  -1.05668E+01  -8.12522E+00  -8.01620E+00  -6.39407E+00  -3.82476E+00  -2.65694E+00  -6.56531E-01   6.80547E-01   1.27751E+00   2.06797E+00   2.31623E+00   3.13852E+00   3.46001E+00
 110   0.306E+00   0.517E+00   0.950E-01      0.15831E+01       -2.29459E+01  -2.11568E+01  -1.82915E+01  -1.69785E+01  -1.07870E+01  -1.06638E+01  -7.96391E+00  -7.82212E+00  -6.67311E+00  -3.82366E+00  -2.67879E+00  -5.42315E-01   6.57372E-01   1.17492E+00   2.06334E+00   2.26942E+00   3.19832E+00   3.53132E+00
 111   0.306E+00   0.507E+00   0.106E+00      0.15981E+01       -2.30431E+01  -2.11263E+01  -1.82203E+01  -1.68448E+01  -1.09062E+01  -1.07525E+01  -7.84436E+00  -7.62683E+00  -6.91032E+00  -3.82828E+00  -2.69723E+00  -4.84689E-01   6.76339E-01   1.05481E+00   2.06661E+00   2.22680E+00   3.25733E+00   3.59946E+00
 112   0.306E+00   0.496E+00   0.116E+00      0.16130E+01       -2.31358E+01  -2.11084E+01  -1.81280E+01  -1.67113E+01  -1.10206E+01  -1.08330E+01  -7.83375E+00  -7.43061E+00  -7.03707E+00  -3.83723E+00  -2.71313E+00  -4.87532E-01   7.39655E-01   9.20137E-01   2.07480E+00   2.18804E+00   3.31626E+00   3.66404E+00
 113   0.306E+00   0.486E+00   0.127E+00      0.16279E+01       -2.32239E+01  -2.11019E+01  -1.80159E+01  -1.65789E+01  -1.11306E+01  -1.09051E+01  -7.98269E+00  -7.23372E+00  -7.00143E+00  -3.84938E+00  -2.72715E+00  -5.41543E-01   7.72806E-01   8.36834E-01   2.08584E+00   2.15263E+00   3.37578E+00   3.72479E+00
 114   0.306E+00   0.475E+00   0.137E+00      0.16429E+01       -2.33073E+01  -2.11051E+01  -1.78858E+01  -1.64484E+01  -1.12366E+01  -1.09688E+01  -8.22825E+00  -7.03637E+00  -6.86504E+00  -3.86389E+00  -2.73974E+00  -6.32395E-01   6.13955E-01   9.52814E-01   2.09840E+00   2.11996E+00   3.43639E+00   3.78151E+00
 115   0.306E+00   0.465E+00   0.148E+00      0.16578E+01       -2.33857E+01  -2.11161E+01  -1.77396E+01  -1.63208E+01  -1.13391E+01  -1.10242E+01  -8.50878E+00  -6.83875E+00  -6.68827E+00  -3.88002E+00  -2.75121E+00  -7.48261E-01   4.44256E-01   1.07544E+00   2.08941E+00   2.11152E+00   3.49840E+00   3.83409E+00
 116   0.306E+00   0.454E+00   0.158E+00      0.16727E+01       -2.34593E+01  -2.11330E+01  -1.75794E+01  -1.61970E+01  -1.14389E+01  -1.10714E+01  -8.79973E+00  -6.64107E+00  -6.49424E+00  -3.89721E+00  -2.76177E+00  -8.81315E-01   2.64149E-01   1.19689E+00   2.06046E+00   2.12452E+00   3.56185E+00   3.88251E+00
 117   0.306E+00   0.443E+00   0.169E+00      0.16877E+01       -2.35277E+01  -2.11543E+01  -1.74070E+01  -1.60777E+01  -1.15369E+01  -1.11106E+01  -9.09096E+00  -6.44351E+00  -6.29149E+00  -3.91494E+00  -2.77157E+00  -1.02666E+00   7.40131E-02   1.31243E+00   2.03287E+00   2.13684E+00   3.62647E+00   3.92681E+00
 118   0.306E+00   0.433E+00   0.179E+00      0.17026E+01       -2.35911E+01  -2.11783E+01  -1.72244E+01  -1.59640E+01  -1.16341E+01  -1.11421E+01  -9.37683E+00  -6.24636E+00  -6.08370E+00  -3.93273E+00  -2.78072E+00  -1.18114E+00  -1.25714E-01   1.41902E+00   2.00692E+00   2.14806E+00   3.69168E+00   3.96708E+00
 119   0.306E+00   0.422E+00   0.190E+00      0.17175E+01       -2.36493E+01  -2.12039E+01  -1.70334E+01  -1.58567E+01  -1.17323E+01  -1.11663E+01  -9.65316E+00  -6.04996E+00  -5.87273E+00  -3.95008E+00  -2.78932E+00  -1.34263E+00  -3.34429E-01   1.51412E+00   1.98381E+00   2.15783E+00   3.75666E+00   4.00344E+00
 120   0.306E+00   0.412E+00   0.201E+00      0.17324E+01       -2.37024E+01  -2.12299E+01  -1.68360E+01  -1.57565E+01  -1.18332E+01  -1.11837E+01  -9.91601E+00  -5.85486E+00  -5.65965E+00  -3.96641E+00  -2.79747E+00  -1.50953E+00  -5.51276E-01   1.59451E+00   1.96632E+00   2.16591E+00   3.82041E+00   4.03605E+00
 121   0.306E+00   0.401E+00   0.211E+00      0.17474E+01       -2.37504E+01  -2.12554E+01  -1.66340E+01  -1.56642E+01  -1.19391E+01  -1.11952E+01  -1.01614E+01  -5.66182E+00  -5.44519E+00  -3.98100E+00  -2.80534E+00  -1.68052E+00  -7.75059E-01   1.65525E+00   1.95955E+00   2.17219E+00   3.88185E+00   4.06504E+00
 122   0.306E+00   0.391E+00   0.222E+00      0.17623E+01       -2.37932E+01  -2.12797E+01  -1.64296E+01  -1.55804E+01  -1.20522E+01  -1.12015E+01  -1.03851E+01  -5.47204E+00  -5.22994E+00  -3.99287E+00  -2.81316E+00  -1.85436E+00  -1.00413E+00   1.69082E+00   1.96949E+00   2.17666E+00   3.93986E+00   4.09057E+00
 123   0.306E+00   0.380E+00   0.232E+00      0.17772E+01       -2.38309E+01  -2.13022E+01  -1.62255E+01  -1.55056E+01  -1.21742E+01  -1.12034E+01  -1.05831E+01  -5.28734E+00  -5.01457E+00  -4.00069E+00  -2.82132E+00  -2.02972E+00  -1.23624E+00   1.70135E+00   1.99672E+00   2.17946E+00   3.99342E+00   4.11276E+00
 124   0.306E+00   0.370E+00   0.243E+00      0.17922E+01       -2.38635E+01  -2.13224E+01  -1.60248E+01  -1.54402E+01  -1.23051E+01  -1.12022E+01  -1.07525E+01  -5.11053E+00  -4.80001E+00  -4.00254E+00  -2.83048E+00  -2.20496E+00  -1.46831E+00   1.69493E+00   2.03389E+00   2.18082E+00   4.04160E+00   4.13175E+00
 125   0.306E+00   0.359E+00   0.253E+00      0.18071E+01       -2.38911E+01  -2.13400E+01  -1.58319E+01  -1.53845E+01  -1.24425E+01  -1.11987E+01  -1.08916E+01  -4.94590E+00  -4.58788E+00  -3.99572E+00  -2.84176E+00  -2.37783E+00  -1.69591E+00   1.68052E+00   2.07284E+00   2.18105E+00   4.08360E+00   4.14762E+00
 126   0.306E+00   0.348E+00   0.264E+00      0.18220E+01       -2.39136E+01  -2.13547E+01  -1.56526E+01  -1.53388E+01  -1.25804E+01  -1.11941E+01  -1.10011E+01  -4.79971E+00  -4.38112E+00  -3.97682E+00  -2.85709E+00  -2.54491E+00  -1.91242E+00   1.66392E+00   2.10845E+00   2.18052E+00   4.11879E+00   4.16049E+00
 127   0.306E+00   0.338E+00   0.274E+00      0.18370E+01       -2.39311E+01  -2.13663E+01  -1.54948E+01  -1.53031E+01  -1.27093E+01  -1.11894E+01  -1.10825E+01  -4.67984E+00  -4.18540E+00  -3.94316E+00  -2.87948E+00  -2.70054E+00  -2.10739E+00   1.64853E+00   2.13794E+00   2.17962E+00   4.14664E+00   4.17041E+00
 128   0.306E+00   0.327E+00   0.285E+00      0.18519E+01       -2.39436E+01  -2.13746E+01  -1.53687E+01  -1.52776E+01  -1.28169E+01  -1.11853E+01  -1.11384E+01  -4.59325E+00  -4.01210E+00  -3.89724E+00  -2.91172E+00  -2.83484E+00  -2.26515E+00   1.63635E+00   2.15982E+00   2.17869E+00   4.16679E+00   4.17746E+00
 129   0.306E+00   0.317E+00   0.296E+00      0.18668E+01       -2.39510E+01  -2.13797E+01  -1.52861E+01  -1.52622E+01  -1.28894E+01  -1.11826E+01  -1.11710E+01  -4.54253E+00  -3.88346E+00  -3.85291E+00  -2.94870E+00  -2.93108E+00  -2.36735E+00   1.62860E+00   2.17324E+00   2.17801E+00   4.17898E+00   4.18166E+00
 130   0.306E+00   0.306E+00   0.306E+00      0.18818E+01       -2.39535E+01  -2.13814E+01  -1.52571E+01  -1.52571E+01  -1.29151E+01  -1.11817E+01  -1.11817E+01  -4.52608E+00  -3.83371E+00  -3.83371E+00  -2.96715E+00  -2.96715E+00  -2.40225E+00   1.62594E+00   2.17776E+00   2.17776E+00   4.18306E+00   4.18306E+00
 131   0.306E+00   0.306E+00   0.306E+00      0.18818E+01       -2.39535E+01  -2.13814E+01  -1.52571E+01  -1.52571E+01  -1.29151E+01  -1.11817E+01  -1.11817E+01  -4.52608E+00  -3.83371E+00  -3.83371E+00  -2.96715E+00  -2.96715E+00  -2.40225E+00   1.62594E+00   2.17776E+00   2.17776E+00   4.18306E+00   4.18306E+00
 132   0.290E+00   0.314E+00   0.314E+00      0.19015E+01       -2.39492E+01  -2.13784E+01  -1.53073E+01  -1.52660E+01  -1.28707E+01  -1.11832E+01  -1.11632E+01  -4.55504E+00  -3.91550E+00  -3.86829E+00  -2.93241E+00  -2.91041E+00  -2.34141E+00   1.63056E+00   2.16985E+00   2.17822E+00   4.17594E+00   4.18062E+00
 133   0.274E+00   0.322E+00   0.322E+00      0.19212E+01       -2.39361E+01  -2.13696E+01  -1.54463E+01  -1.52921E+01  -1.27512E+01  -1.11848E+01  -1.11081E+01  -4.64754E+00  -4.09165E+00  -3.95887E+00  -2.84132E+00  -2.79680E+00  -2.16690E+00   1.64377E+00   2.14610E+00   2.17981E+00   4.15465E+00   4.17332E+00
 134   0.258E+00   0.330E+00   0.330E+00      0.19410E+01       -2.39143E+01  -2.13551E+01  -1.56494E+01  -1.53339E+01  -1.25887E+01  -1.11773E+01  -1.10182E+01  -4.81475E+00  -4.27151E+00  -4.08234E+00  -2.71694E+00  -2.67648E+00  -1.91092E+00   1.66377E+00   2.10654E+00   2.18313E+00   4.11950E+00   4.16126E+00
 135   0.242E+00   0.338E+00   0.338E+00      0.19607E+01       -2.38837E+01  -2.13352E+01  -1.58932E+01  -1.53890E+01  -1.24217E+01  -1.11434E+01  -1.08958E+01  -5.05101E+00  -4.42268E+00  -4.22240E+00  -2.57543E+00  -2.55309E+00  -1.61223E+00   1.68775E+00   2.05118E+00   2.18914E+00   4.07102E+00   4.14457E+00
 136   0.226E+00   0.346E+00   0.346E+00      0.19804E+01       -2.38443E+01  -2.13104E+01  -1.61604E+01  -1.54548E+01  -1.22889E+01  -1.10578E+01  -1.07439E+01  -5.33031E+00  -4.55372E+00  -4.36998E+00  -2.42573E+00  -2.42398E+00  -1.29614E+00   1.71239E+00   1.98002E+00   2.19889E+00   4.01006E+00   4.12347E+00
 137   0.209E+00   0.355E+00   0.355E+00      0.20002E+01       -2.37960E+01  -2.12814E+01  -1.64395E+01  -1.55286E+01  -1.22180E+01  -1.09005E+01  -1.05655E+01  -5.63075E+00  -4.67757E+00  -4.51992E+00  -2.28934E+00  -2.27280E+00  -9.76906E-01   1.73447E+00   1.89310E+00   2.21315E+00   3.93789E+00   4.09824E+00
 138   0.193E+00   0.363E+00   0.363E+00      0.20199E+01       -2.37388E+01  -2.12492E+01  -1.67226E+01  -1.56078E+01  -1.22108E+01  -1.06733E+01  -1.03636E+01  -5.94093E+00  -4.80067E+00  -4.66904E+00  -2.15089E+00  -2.11963E+00  -6.63122E-01   1.75170E+00   1.79045E+00   2.23171E+00   3.85631E+00   4.06921E+00
 139   0.177E+00   0.371E+00   0.371E+00      0.20396E+01       -2.36726E+01  -2.12155E+01  -1.70035E+01  -1.56899E+01  -1.22508E+01  -1.03939E+01  -1.01412E+01  -6.25547E+00  -4.92547E+00  -4.81505E+00  -2.01070E+00  -1.96825E+00  -3.60619E-01   1.67210E+00   1.76329E+00   2.25295E+00   3.76789E+00   4.03679E+00
 140   0.161E+00   0.379E+00   0.379E+00      0.20594E+01       -2.35976E+01  -2.11820E+01  -1.72771E+01  -1.57730E+01  -1.23202E+01  -1.00802E+01  -9.90100E+00  -6.57174E+00  -5.05271E+00  -4.95612E+00  -1.87080E+00  -1.82017E+00  -7.38306E-02   1.53814E+00   1.77000E+00   2.27373E+00   3.67620E+00   4.00142E+00
 141   0.145E+00   0.387E+00   0.387E+00      0.20791E+01       -2.35137E+01  -2.11516E+01  -1.75386E+01  -1.58553E+01  -1.24063E+01  -9.74426E+00  -9.64565E+00  -6.88833E+00  -5.18241E+00  -5.09061E+00  -1.73320E+00  -1.67663E+00   1.93320E-01   1.38872E+00   1.77363E+00   2.28990E+00   3.58608E+00   3.96359E+00
 142   0.129E+00   0.395E+00   0.395E+00      0.20988E+01       -2.34211E+01  -2.11275E+01  -1.77831E+01  -1.59355E+01  -1.25010E+01  -9.39358E+00  -9.37785E+00  -7.20432E+00  -5.31423E+00  -5.21684E+00  -1.59996E+00  -1.53869E+00   4.36513E-01   1.22406E+00   1.77647E+00   2.29728E+00   3.50369E+00   3.92381E+00
 143   0.113E+00   0.403E+00   0.403E+00      0.21186E+01       -2.33203E+01  -2.11140E+01  -1.80049E+01  -1.60124E+01  -1.25989E+01  -9.10048E+00  -9.03338E+00  -7.51859E+00  -5.44761E+00  -5.33293E+00  -1.47326E+00  -1.40732E+00   6.49792E-01   1.04455E+00   1.78094E+00   2.29361E+00   3.43580E+00   3.88263E+00
 144   0.967E-01   0.411E+00   0.411E+00      0.21383E+01       -2.32116E+01  -2.11159E+01  -1.81982E+01  -1.60852E+01  -1.26962E+01  -8.81688E+00  -8.66945E+00  -7.82797E+00  -5.58187E+00  -5.43656E+00  -1.35558E+00  -1.28346E+00   8.23758E-01   8.50750E-01   1.78984E+00   2.28165E+00   3.38795E+00   3.84059E+00
 145   0.806E-01   0.419E+00   0.419E+00      0.21580E+01       -2.30960E+01  -2.11379E+01  -1.83569E+01  -1.61531E+01  -1.27901E+01  -8.53122E+00  -8.34214E+00  -8.09389E+00  -5.71617E+00  -5.52461E+00  -1.24979E+00  -1.16816E+00   6.43604E-01   9.44027E-01   1.80727E+00   2.27191E+00   3.36227E+00   3.79832E+00
 146   0.645E-01   0.427E+00   0.427E+00      0.21778E+01       -2.29750E+01  -2.11834E+01  -1.84761E+01  -1.62156E+01  -1.28788E+01  -8.48855E+00  -8.24906E+00  -7.88067E+00  -5.84953E+00  -5.59264E+00  -1.15940E+00  -1.06280E+00   4.24656E-01   9.94267E-01   1.83850E+00   2.28065E+00   3.35665E+00   3.75646E+00
 147   0.483E-01   0.435E+00   0.435E+00      0.21975E+01       -2.28511E+01  -2.12527E+01  -1.85526E+01  -1.62723E+01  -1.29607E+01  -8.78797E+00  -7.97810E+00  -7.51046E+00  -5.98050E+00  -5.63415E+00  -1.08891E+00  -9.69803E-01   1.96784E-01   9.68685E-01   1.88555E+00   2.32092E+00   3.36606E+00   3.71575E+00
 148   0.322E-01   0.443E+00   0.443E+00      0.22173E+01       -2.27291E+01  -2.13413E+01  -1.85866E+01  -1.63231E+01  -1.30347E+01  -9.09151E+00  -7.72896E+00  -7.13493E+00  -6.10611E+00  -5.63985E+00  -1.04436E+00  -8.94779E-01  -3.36589E-02   8.81729E-01   1.94435E+00   2.39423E+00   3.38464E+00   3.67697E+00
 149   0.161E-01   0.451E+00   0.451E+00      0.22370E+01       -2.26180E+01  -2.14374E+01  -1.85810E+01  -1.63676E+01  -1.31000E+01  -9.39249E+00  -7.51494E+00  -6.77174E+00  -6.21511E+00  -5.59794E+00  -1.03385E+00  -8.54118E-01  -2.49242E-01   7.60373E-01   2.01027E+00   2.49199E+00   3.40709E+00   3.64101E+00
 150   0.000E+00   0.459E+00   0.459E+00      0.22567E+01       -2.25348E+01  -2.15193E+01  -1.85405E+01  -1.64060E+01  -1.31559E+01  -9.68876E+00  -7.34893E+00  -6.51985E+00  -6.21042E+00  -5.49716E+00  -1.06727E+00  -8.94679E-01  -4.01778E-01   6.32618E-01   2.08149E+00   2.60294E+00   3.42937E+00   3.60886E+00
 151   0.000E+00   0.459E+00   0.459E+00      0.22567E+01       -2.25348E+01  -2.15193E+01  -1.85405E+01  -1.64060E+01  -1.31559E+01  -9.68876E+00  -7.34893E+00  -6.51985E+00  -6.21042E+00  -5.49716E+00  -1.06727E+00  -8.94679E-01  -4.01778E-01   6.32618E-01   2.08149E+00   2.60294E+00   3.42937E+00   3.60886E+00
 152   0.000E+00   0.447E+00   0.447E+00      0.22734E+01       -2.26297E+01  -2.14212E+01  -1.86113E+01  -1.63524E+01  -1.30788E+01  -9.25730E+00  -7.55207E+00  -6.64933E+00  -6.45584E+00  -5.68920E+00  -9.87835E-01  -7.44201E-01  -2.61503E-01   8.04788E-01   1.97048E+00   2.44070E+00   3.39875E+00   3.65403E+00
 153   0.000E+00   0.436E+00   0.436E+00      0.22900E+01       -2.27365E+01  -2.13160E+01  -1.86597E+01  -1.62946E+01  -1.29972E+01  -8.82159E+00  -7.75455E+00  -6.78078E+00  -6.69644E+00  -5.87737E+00  -9.23409E-01  -5.96540E-01  -1.26941E-01   9.62396E-01   1.84175E+00   2.30190E+00   3.36934E+00   3.70204E+00
 154   0.000E+00   0.424E+00   0.424E+00      0.23067E+01       -2.28544E+01  -2.12038E+01  -1.86863E+01  -1.62327E+01  -1.29115E+01  -8.38371E+00  -7.95562E+00  -6.93141E+00  -6.91361E+00  -6.06105E+00  -8.77393E-01  -4.52468E-01   1.85337E-03   1.10465E+00   1.67998E+00   2.20634E+00   3.34196E+00   3.75280E+00
 155   0.000E+00   0.412E+00   0.412E+00      0.23233E+01       -2.29822E+01  -2.10845E+01  -1.86918E+01  -1.61670E+01  -1.28220E+01  -8.15465E+00  -7.94801E+00  -7.15762E+00  -7.04728E+00  -6.23959E+00  -8.53377E-01  -3.12754E-01   1.24761E-01   1.23084E+00   1.48528E+00   2.15856E+00   3.31737E+00   3.80624E+00
 156   0.000E+00   0.400E+00   0.400E+00      0.23400E+01       -2.31185E+01  -2.09583E+01  -1.86776E+01  -1.60976E+01  -1.27293E+01  -8.35107E+00  -7.55929E+00  -7.33153E+00  -7.18110E+00  -6.41234E+00  -8.55335E-01  -1.78154E-01   2.41582E-01   1.27024E+00   1.34081E+00   2.15053E+00   3.29629E+00   3.86222E+00
 157   0.000E+00   0.389E+00   0.389E+00      0.23566E+01       -2.32616E+01  -2.08253E+01  -1.86448E+01  -1.60247E+01  -1.26340E+01  -8.54439E+00  -7.64085E+00  -7.31436E+00  -7.03108E+00  -6.57863E+00  -8.87922E-01  -4.93993E-02   3.52022E-01   1.04964E+00   1.43334E+00   2.17386E+00   3.27932E+00   3.92064E+00
 158   0.000E+00   0.377E+00   0.377E+00      0.23733E+01       -2.34099E+01  -2.06856E+01  -1.85949E+01  -1.59487E+01  -1.25365E+01  -8.73416E+00  -7.84920E+00  -7.44624E+00  -6.73783E+00  -6.60106E+00  -9.56607E-01   7.28363E-02   4.55689E-01   8.34951E-01   1.50898E+00   2.22273E+00   3.26693E+00   3.98135E+00
 159   0.000E+00   0.365E+00   0.365E+00      0.23899E+01       -2.35617E+01  -2.05392E+01  -1.85293E+01  -1.58698E+01  -1.24377E+01  -8.91999E+00  -8.05901E+00  -7.57586E+00  -6.88928E+00  -6.16804E+00  -1.06707E+00   1.87967E-01   5.52103E-01   6.37042E-01   1.56772E+00   2.29291E+00   3.25943E+00   4.04420E+00
 160   0.000E+00   0.353E+00   0.353E+00      0.24066E+01       -2.37156E+01  -2.03863E+01  -1.84494E+01  -1.57884E+01  -1.23383E+01  -9.10154E+00  -8.26515E+00  -7.70224E+00  -7.03237E+00  -5.73848E+00  -1.22336E+00   2.95525E-01   4.64133E-01   6.40719E-01   1.61003E+00   2.38105E+00   3.25695E+00   4.10903E+00
 161   0.000E+00   0.341E+00   0.341E+00      0.24233E+01       -2.38701E+01  -2.02269E+01  -1.83562E+01  -1.57050E+01  -1.22391E+01  -9.27851E+00  -8.46659E+00  -7.82438E+00  -7.16647E+00  -5.31475E+00  -1.42552E+00   3.19893E-01   3.95186E-01   7.20956E-01   1.63674E+00   2.48430E+00   3.25944E+00   4.17568E+00
 162   0.000E+00   0.330E+00   0.330E+00      0.24399E+01       -2.40239E+01  -2.00613E+01  -1.82511E+01  -1.56198E+01  -1.21412E+01  -9.45062E+00  -8.66296E+00  -7.94121E+00  -7.29099E+00  -4.89865E+00  -1.66885E+00   2.02787E-01   4.86787E-01   7.92229E-01   1.64901E+00   2.60030E+00   3.26674E+00   4.24396E+00
 163   0.000E+00   0.318E+00   0.318E+00      0.24566E+01       -2.41757E+01  -1.98895E+01  -1.81349E+01  -1.55335E+01  -1.20456E+01  -9.61765E+00  -8.85408E+00  -8.05166E+00  -7.40533E+00  -4.49186E+00  -1.94554E+00   1.07839E-01   5.70345E-01   8.53972E-01   1.64831E+00   2.72703E+00   3.27865E+00   4.31368E+00
 164   0.000E+00   0.306E+00   0.306E+00      0.24732E+01       -2.43246E+01  -1.97116E+01  -1.80086E+01  -1.54466E+01  -1.19534E+01  -9.77942E+00  -9.03987E+00  -8.15472E+00  -7.50891E+00  -4.09611E+00  -2.24721E+00   2.91921E-02   6.46059E-01   9.05664E-01   1.63635E+00   2.86277E+00   3.29503E+00   4.38464E+00
 165   0.000E+00   0.294E+00   0.294E+00      0.24899E+01       -2.44695E+01  -1.95277E+01  -1.78731E+01  -1.53595E+01  -1.18659E+01  -9.93575E+00  -9.22027E+00  -8.24946E+00  -7.60114E+00  -3.71325E+00  -2.56641E+00  -3.82662E-02   7.14308E-01   9.46835E-01   1.61501E+00   3.00603E+00   3.31591E+00   4.45661E+00
 166   0.000E+00   0.283E+00   0.283E+00      0.25065E+01       -2.46096E+01  -1.93380E+01  -1.77291E+01  -1.52728E+01  -1.17843E+01  -1.00865E+01  -9.39526E+00  -8.33512E+00  -7.68144E+00  -3.34530E+00  -2.89710E+00  -9.84018E-02   7.75609E-01   9.77104E-01   1.58627E+00   3.15545E+00   3.34158E+00   4.52935E+00
 167   0.000E+00   0.271E+00   0.271E+00      0.25232E+01       -2.47441E+01  -1.91426E+01  -1.75775E+01  -1.51872E+01  -1.17097E+01  -1.02316E+01  -9.56486E+00  -8.41124E+00  -7.74928E+00  -3.23442E+00  -2.99445E+00  -1.53916E-01   8.30483E-01   9.96278E-01   1.55217E+00   3.30953E+00   3.37290E+00   4.60259E+00
 168   0.000E+00   0.259E+00   0.259E+00      0.25398E+01       -2.48724E+01  -1.89416E+01  -1.74191E+01  -1.51032E+01  -1.16433E+01  -1.03709E+01  -9.72907E+00  -8.47773E+00  -7.80411E+00  -3.57430E+00  -2.66316E+00  -2.06589E-01   8.79027E-01   1.00474E+00   1.51475E+00   3.40895E+00   3.46893E+00   4.67606E+00
 169   0.000E+00   0.247E+00   0.247E+00      0.25565E+01       -2.49939E+01  -1.87350E+01  -1.72545E+01  -1.50214E+01  -1.15859E+01  -1.05044E+01  -9.88794E+00  -8.53508E+00  -7.84546E+00  -3.91327E+00  -2.35400E+00  -2.57508E-01   9.19046E-01   1.00529E+00   1.47603E+00   3.45419E+00   3.62924E+00   4.74945E+00
 170   0.000E+00   0.236E+00   0.236E+00      0.25731E+01       -2.51080E+01  -1.85231E+01  -1.70845E+01  -1.49425E+01  -1.15382E+01  -1.06319E+01  -1.00415E+01  -8.58447E+00  -7.87291E+00  -4.24804E+00  -2.06966E+00  -3.07251E-01   9.38037E-01   1.01107E+00   1.43793E+00   3.50830E+00   3.79113E+00   4.82245E+00
 171   0.000E+00   0.224E+00   0.224E+00      0.25898E+01       -2.52144E+01  -1.83060E+01  -1.69100E+01  -1.48670E+01  -1.15005E+01  -1.07535E+01  -1.01898E+01  -8.62794E+00  -7.88611E+00  -4.57528E+00  -1.81276E+00  -3.56012E-01   9.20927E-01   1.03786E+00   1.40227E+00   3.57327E+00   3.95300E+00   4.89473E+00
 172   0.000E+00   0.212E+00   0.212E+00      0.26064E+01       -2.53128E+01  -1.80838E+01  -1.67319E+01  -1.47953E+01  -1.14726E+01  -1.08690E+01  -1.03329E+01  -8.66856E+00  -7.88486E+00  -4.89143E+00  -1.58562E+00  -4.03708E-01   8.79669E-01   1.07437E+00   1.37069E+00   3.65082E+00   4.11349E+00   4.96595E+00
 173   0.000E+00   0.200E+00   0.200E+00      0.26231E+01       -2.54030E+01  -1.78567E+01  -1.65508E+01  -1.47279E+01  -1.14542E+01  -1.09785E+01  -1.04707E+01  -8.71045E+00  -7.86908E+00  -5.19245E+00  -1.38989E+00  -4.50061E-01   8.22308E-01   1.11322E+00   1.34454E+00   3.74230E+00   4.27125E+00   5.03576E+00
 174   0.000E+00   0.188E+00   0.188E+00      0.26397E+01       -2.54848E+01  -1.76250E+01  -1.63680E+01  -1.46652E+01  -1.14443E+01  -1.10819E+01  -1.06035E+01  -8.75878E+00  -7.83888E+00  -5.47374E+00  -1.22623E+00  -4.94670E-01   7.51196E-01   1.15269E+00   1.32481E+00   3.84847E+00   4.42493E+00   5.10380E+00
 175   0.000E+00   0.177E+00   0.177E+00      0.26564E+01       -2.55585E+01  -1.73889E+01  -1.61842E+01  -1.46074E+01  -1.14422E+01  -1.11791E+01  -1.07310E+01  -8.81954E+00  -7.79457E+00  -5.73024E+00  -1.09402E+00  -5.37074E-01   6.67577E-01   1.19216E+00   1.31203E+00   3.96923E+00   4.57327E+00   5.16970E+00
 176   0.000E+00   0.165E+00   0.165E+00      0.26730E+01       -2.56240E+01  -1.71488E+01  -1.60005E+01  -1.45546E+01  -1.14466E+01  -1.12701E+01  -1.08534E+01  -8.89897E+00  -7.73671E+00  -5.95677E+00  -9.91264E-01  -5.76809E-01   5.72594E-01   1.23113E+00   1.30620E+00   4.10351E+00   4.71507E+00   5.23310E+00
 177   0.000E+00   0.153E+00   0.153E+00      0.26897E+01       -2.56817E+01  -1.69050E+01  -1.58182E+01  -1.45070E+01  -1.14566E+01  -1.13549E+01  -1.09706E+01  -9.00261E+00  -7.66613E+00  -6.14886E+00  -9.14762E-01  -6.13457E-01   4.67519E-01   1.26906E+00   1.30689E+00   4.24927E+00   4.84929E+00   5.29364E+00
 178   0.000E+00   0.141E+00   0.141E+00      0.27064E+01       -2.57320E+01  -1.66581E+01  -1.56382E+01  -1.44643E+01  -1.14710E+01  -1.14334E+01  -1.10826E+01  -9.13402E+00  -7.58394E+00  -6.30391E+00  -8.60480E-01  -6.46683E-01   3.53824E-01   1.30532E+00   1.31336E+00   4.40364E+00   4.97500E+00   5.35098E+00
 179   0.000E+00   0.130E+00   0.130E+00      0.27230E+01       -2.57754E+01  -1.64088E+01  -1.54619E+01  -1.44266E+01  -1.15056E+01  -1.14891E+01  -1.11893E+01  -9.29375E+00  -7.49160E+00  -6.42202E+00  -8.24062E-01  -6.76261E-01   2.33206E-01   1.32466E+00   1.33927E+00   4.56316E+00   5.09149E+00   5.40478E+00
 180   0.000E+00   0.118E+00   0.118E+00      0.27397E+01       -2.58125E+01  -1.61579E+01  -1.52906E+01  -1.43935E+01  -1.15715E+01  -1.15103E+01  -1.12906E+01  -9.47909E+00  -7.39093E+00  -6.50621E+00  -8.01304E-01  -7.02093E-01   1.07605E-01   1.33985E+00   1.37033E+00   4.72411E+00   5.19820E+00   5.45474E+00
 181   0.000E+00   0.106E+00   0.106E+00      0.27563E+01       -2.58439E+01  -1.59066E+01  -1.51257E+01  -1.43649E+01  -1.16310E+01  -1.15341E+01  -1.13864E+01  -9.68465E+00  -7.28411E+00  -6.56157E+00  -7.88498E-01  -7.24207E-01  -2.07677E-02   1.35796E+00   1.39804E+00   4.88264E+00   5.29475E+00   5.50055E+00
 182   0.000E+00   0.942E-01   0.942E-01      0.27730E+01       -2.58703E+01  -1.56566E+01  -1.49687E+01  -1.43404E+01  -1.16842E+01  -1.15607E+01  -1.14764E+01  -9.90336E+00  -7.17376E+00  -6.59413E+00  -7.82600E-01  -7.42746E-01  -1.49402E-01   1.37808E+00   1.42208E+00   5.03507E+00   5.38092E+00   5.54199E+00
 183   0.000E+00   0.824E-01   0.824E-01      0.27896E+01       -2.58921E+01  -1.54099E+01  -1.48215E+01  -1.43197E+01  -1.17311E+01  -1.15906E+01  -1.15602E+01  -1.01272E+01  -7.06291E+00  -6.60983E+00  -7.81257E-01  -7.57947E-01  -2.75457E-01   1.39929E+00   1.44233E+00   5.17797E+00   5.45662E+00   5.57884E+00
 184   0.000E+00   0.707E-01   0.707E-01      0.28063E+01       -2.59100E+01  -1.51696E+01  -1.46861E+01  -1.43026E+01  -1.17717E+01  -1.16372E+01  -1.16248E+01  -1.03472E+01  -6.95500E+00  -6.61394E+00  -7.82720E-01  -7.70116E-01  -3.95753E-01   1.42063E+00   1.45887E+00   5.30821E+00   5.52187E+00   5.61094E+00
 185   0.000E+00   0.589E-01   0.589E-01      0.28229E+01       -2.59244E+01  -1.49401E+01  -1.45648E+01  -1.42886E+01  -1.18059E+01  -1.17063E+01  -1.16650E+01  -1.05538E+01  -6.85382E+00  -6.61082E+00  -7.85716E-01  -7.79597E-01  -5.06792E-01   1.44109E+00   1.47191E+00   5.42307E+00   5.57675E+00   5.63817E+00
 186   0.000E+00   0.471E-01   0.471E-01      0.28396E+01       -2.59357E+01  -1.47275E+01  -1.44601E+01  -1.42776E+01  -1.18339E+01  -1.17664E+01  -1.17128E+01  -1.07361E+01  -6.76336E+00  -6.60395E+00  -7.89312E-01  -7.86747E-01  -6.04854E-01   1.45966E+00   1.48179E+00   5.52024E+00   5.62139E+00   5.66047E+00
 187   0.000E+00   0.353E-01   0.353E-01      0.28562E+01       -2.59442E+01  -1.45407E+01  -1.43747E+01  -1.42693E+01  -1.18557E+01  -1.18158E+01  -1.17676E+01  -1.08838E+01  -6.68766E+00  -6.59602E+00  -7.92808E-01  -7.91904E-01  -6.86184E-01   1.47535E+00   1.48892E+00   5.59780E+00   5.65592E+00   5.67781E+00
 188   0.000E+00   0.236E-01   0.236E-01      0.28729E+01       -2.59501E+01  -1.43914E+01  -1.43113E+01  -1.42635E+01  -1.18712E+01  -1.18528E+01  -1.18233E+01  -1.09897E+01  -6.63043E+00  -6.58900E+00  -7.95664E-01  -7.95377E-01  -7.47274E-01   1.48727E+00   1.49368E+00   5.65426E+00   5.68049E+00   5.69019E+00
 189   0.000E+00   0.118E-01   0.118E-01      0.28895E+01       -2.59536E+01  -1.42933E+01  -1.42722E+01  -1.42601E+01  -1.18805E+01  -1.18758E+01  -1.18668E+01  -1.10519E+01  -6.59473E+00  -6.58427E+00  -7.97484E-01  -7.97414E-01  -7.85221E-01   1.49473E+00   1.49639E+00   5.68857E+00   5.69518E+00   5.69760E+00
 190   0.000E+00   0.000E+00   0.000E+00      0.29062E+01       -2.59548E+01  -1.42590E+01  -1.42590E+01  -1.42590E+01  -1.18836E+01  -1.18836E+01  -1.18836E+01  -1.10722E+01  -6.58260E+00  -6.58260E+00  -7.98097E-01  -7.98097E-01  -7.98097E-01   1.49727E+00   1.49727E+00   5.70007E+00   5.70007E+00   5.70007E+00
