%%MatrixMarket matrix coordinate real symmetric
% step_count=        28
          30          30         303
         1         1       -0.78642931690896522579
         2         2       -0.41893898190477590893
         3         3       -0.41893898190477590893
         4         4       -0.41893898190477590893
         5         1       -0.56072486494956219616
         6         1       -0.25116292986791449726
         7         1        0.43502664966342374786
         5         2        0.25116292986791449726
         6         2       -0.08053811379056551034
         7         2       -0.20393108070566623446
         5         3       -0.43502664966342374786
         6         3       -0.20393108070566623446
         7         3        0.15494088378502909875
         8         4       -0.19827786090903204430
         9         1       -0.08695137163377852918
        10         1       -0.09085206763692205145
        11         1        0.05245337171517168440
         9         2        0.09085206763692205145
        10         2        0.06648915768432062112
        11         2       -0.05171074714255768923
         9         3       -0.05245337171517168440
        10         3       -0.05171074714255768923
        11         3        0.00677851612812918527
        12         4       -0.02307664415702338767
        13         1       -0.03915779187566150593
        14         1       -0.05052270604227246387
        15         1       -0.00000003329254381165
        13         2        0.05052270604227246387
        14         2        0.05075691444495635668
        15         2        0.00000003981160207561
        13         3        0.00000003329254381165
        14         3        0.00000003981160207561
        15         3       -0.00965871135150937581
        16         4       -0.00965871135153560829
        17         1       -0.08695107012021920101
        18         1       -0.09085171759862041563
        19         1       -0.05245331971243888391
        17         2        0.09085171759862041563
        18         2        0.06648885800794498979
        19         2        0.05171067106841872874
        17         3        0.05245331971243888391
        18         3        0.05171067106841872874
        19         3        0.00677864600963371151
        20         4       -0.02307655578280569733
        21         1       -0.56072470190721390715
        22         1       -0.25116282801219880216
        23         1       -0.43502658962976537005
        21         2        0.25116282801219880216
        22         2       -0.08053810804298817960
        23         2        0.20393102241410326902
        21         3        0.43502658962976537005
        22         3        0.20393102241410326902
        23         3        0.15494094822197868044
        24         4       -0.19827779000711037716
        25         1       -0.64780972478032783357
        25         2       -0.46221145608166663843
        25         3        0.00000026473851514810
        26         1       -0.10506773487466478101
        26         2        0.00847458840025627942
        26         3       -0.10421371545733827679
        27         1       -0.00786280676607497078
        27         2        0.00723140507421204514
        27         3       -0.00585054788678399888
        28         1       -0.00273465183713687571
        28         2        0.00338805310824316858
        28         3        0.00000000109106923485
        29         1       -0.00786276911856369741
        29         2        0.00723136611510756273
        29         3        0.00585052862753912724
        30         1       -0.10506781833564830808
        30         2        0.00847457250954335682
        30         3        0.10421379193107951910
         5         5       -0.78642931690896522579
         6         6       -0.41893898190477590893
         7         7       -0.41893898190477590893
         8         8       -0.41893898190477590893
         9         5       -0.56072464642323871509
        10         5       -0.50232545692326147080
        11         5       -0.00000057349060260000
         9         6        0.50232545692326147080
        10         6        0.27268062994134650845
        11         6        0.00000053767972635267
         9         7        0.00000057349060260000
        10         7        0.00000053767972635267
        11         7       -0.19827776587828521704
        12         8       -0.19827776587889905935
        13         5       -0.08695107012021920101
        14         5       -0.09085171759862041563
        15         5       -0.05245331971243887698
        13         6        0.09085171759862041563
        14         6        0.06648885800794498979
        15         6        0.05171067106841870792
        13         7        0.05245331971243887698
        14         7        0.05171067106841870792
        15         7        0.00677864600963370024
        16         8       -0.02307655578280569733
        17         5       -0.03915775890510710816
        18         5       -0.02526132512254053789
        19         5       -0.04375391756873812932
        17         6        0.02526132512254053789
        18         6        0.00544518300744253544
        19         6        0.02616070855514739113
        17         7        0.04375391756873812932
        18         7        0.02616070855514739113
        19         7        0.03565299348189841788
        20         8       -0.00965870256370416486
        21         5       -0.08695133856302751652
        22         5        0.00000000193869929752
        23         5       -0.10490684831627597462
        21         6       -0.00000000193869929752
        22         6       -0.02307663446391907194
        23         6       -0.00000000220692228783
        21         7        0.10490684831627597462
        22         7       -0.00000000220692228783
        23         7        0.09634428965286592761
        24         8       -0.02307663446391911705
        25         5       -0.10506755872654846562
        25         6       -0.08601430307528451502
        25         7        0.05944597322331127143
        26         5       -0.64780974786359324380
        26         6       -0.23110582691686254453
        26         7       -0.40028681739897370440
        27         5       -0.10506770665484235772
        27         6        0.09448904510357240827
        27         7       -0.04476753505710837772
        28         5       -0.00786278000958427759
        28         6        0.00868239952700949891
        28         7        0.00333729048178693730
        29         5       -0.00273464963003073637
        29         6        0.00169402502919642982
        29         7        0.00293413791039095692
        30         5       -0.00786281002289419308
        30         6       -0.00145103097672679478
        30         7        0.00918785651097273927
         9         9       -0.78642931690896522579
        10        10       -0.41893898190477590893
        11        11       -0.41893898190477590893
        12        12       -0.41893898190477590893
        13         9       -0.56072470190721390715
        14         9       -0.25116282801219880216
        15         9       -0.43502658962976537005
        13        10        0.25116282801219880216
        14        10       -0.08053810804298817960
        15        10        0.20393102241410326902
        13        11        0.43502658962976537005
        14        11        0.20393102241410326902
        15        11        0.15494094822197868044
        16        12       -0.19827779000711037716
        17         9       -0.08695133856302751652
        18         9        0.00000000193869930946
        19         9       -0.10490684831627597462
        17        10       -0.00000000193869930946
        18        10       -0.02307663446391907194
        19        10       -0.00000000220692230142
        17        11        0.10490684831627597462
        18        11       -0.00000000220692230142
        19        11        0.09634428965286592761
        20        12       -0.02307663446391911705
        21         9       -0.03915799226504036029
        22         9        0.02526149057299410458
        23         9       -0.04375414365578950138
        21        10       -0.02526149057299410458
        22        10        0.00544523030026710861
        23        10       -0.02616086203790845763
        21        11        0.04375414365578950138
        22        11       -0.02616086203790845763
        23        11        0.03565313448821110648
        24        12       -0.00965876476248574319
        25         9       -0.00786279312516224675
        25        10       -0.00868241539202269097
        25        11        0.00333729037862632314
        26         9       -0.10506745564961340877
        26        10       -0.09448876508719081246
        26        11       -0.04476759972920212743
        27         9       -0.64781003052947927490
        27        10        0.23110614991511804761
        27        11       -0.40028677293982378727
        28         9       -0.10506767676911010767
        28        10        0.08601441158947938093
        28        11        0.05944600262012886965
        29         9       -0.00786280085166599259
        29        10        0.00145102768869786146
        29        11        0.00918784657291817249
        30         9       -0.00273466835674280890
        30        10       -0.00169403796575778778
        30        11        0.00293415615983526985
        13        13       -0.78642931690896522579
        14        14       -0.41893898190477590893
        15        15       -0.41893898190477590893
        16        16       -0.41893898190477590893
        17        13       -0.56072486494956141900
        18        13        0.25116292986791433073
        19        13       -0.43502664966342341479
        17        14       -0.25116292986791433073
        18        14       -0.08053811379056541320
        19        14       -0.20393108070566601242
        17        15        0.43502664966342341479
        18        15       -0.20393108070566601242
        19        15        0.15494088378502895997
        20        16       -0.19827786090903185001
        21        13       -0.08695137163377852918
        22        13        0.09085206763692205145
        23        13       -0.05245337171517168440
        21        14       -0.09085206763692205145
        22        14        0.06648915768432062112
        23        14       -0.05171074714255768923
        21        15        0.05245337171517168440
        22        15       -0.05171074714255768923
        23        15        0.00677851612812918527
        24        16       -0.02307664415702338767
        25        13       -0.00273465183713687571
        25        14       -0.00338805310824316858
        25        15       -0.00000000109106923462
        26        13       -0.00786276911856369741
        26        14       -0.00723136611510756273
        26        15       -0.00585052862753912724
        27        13       -0.10506781833564830808
        27        14       -0.00847457250954335682
        27        15       -0.10421379193107951910
        28        13       -0.64780972478032783357
        28        14        0.46221145608166663843
        28        15       -0.00000026473851503651
        29        13       -0.10506773487466464223
        29        14       -0.00847458840025628289
        29        15        0.10421371545733812414
        30        13       -0.00786280676607497078
        30        14       -0.00723140507421204514
        30        15        0.00585054788678399888
        17        17       -0.78642931690896522579
        18        18       -0.41893898190477590893
        19        19       -0.41893898190477590893
        20        20       -0.41893898190477590893
        21        17       -0.56072464642323949224
        22        17        0.50232545692326147080
        23        17        0.00000057349060264951
        21        18       -0.50232545692326147080
        22        18        0.27268062994134661947
        23        18        0.00000053767972639909
        21        19       -0.00000057349060264951
        22        19        0.00000053767972639909
        23        19       -0.19827776587828552235
        24        20       -0.19827776587889936466
        25        17       -0.00786278000958427759
        25        18       -0.00868239952700949891
        25        19       -0.00333729048178693644
        26        17       -0.00273464963003073637
        26        18       -0.00169402502919642982
        26        19       -0.00293413791039095692
        27        17       -0.00786281002289419308
        27        18        0.00145103097672679587
        27        19       -0.00918785651097273927
        28        17       -0.10506755872654845174
        28        18        0.08601430307528437624
        28        19       -0.05944597322331115347
        29        17       -0.64780974786359324380
        29        18        0.23110582691686265555
        29        19        0.40028681739897387093
        30        17       -0.10506770665484235772
        30        18       -0.09448904510357240827
        30        19        0.04476753505710836384
        21        21       -0.78642931690896522579
        22        22       -0.41893898190477590893
        23        23       -0.41893898190477590893
        24        24       -0.41893898190477590893
        25        21       -0.10506767676911024645
        25        22       -0.08601441158947942256
        25        23       -0.05944600262012886965
        26        21       -0.00786280085166597351
        26        22       -0.00145102768869786059
        26        23       -0.00918784657291816381
        27        21       -0.00273466835674280890
        27        22        0.00169403796575778778
        27        23       -0.00293415615983526985
        28        21       -0.00786279312516226410
        28        22        0.00868241539202270485
        28        23       -0.00333729037862632704
        29        21       -0.10506745564961358919
        29        22        0.09448876508719089573
        29        23        0.04476759972920217601
        30        21       -0.64781003052947927490
        30        22       -0.23110614991511804761
        30        23        0.40028677293982378727
        25        25       -0.49978685560569752200
        26        25       -0.03503397581120768628
        27        25       -0.00085940586069504165
        28        25       -0.00020758765682685483
        29        25       -0.00085940399847917359
        30        25       -0.03503408600510333343
        26        26       -0.49978685560569752200
        27        26       -0.03503392114729172307
        28        26       -0.00085940399847917218
        29        26       -0.00020758750653620834
        30        26       -0.00085940806884796865
        27        27       -0.49978685560569752200
        28        27       -0.03503408600510330567
        29        27       -0.00085940806884796865
        30        27       -0.00020758902636564279
        28        28       -0.49978685560569752200
        29        28       -0.03503397581120768628
        30        28       -0.00085940586069504165
        29        29       -0.49978685560569752200
        30        29       -0.03503392114729173001
        30        30       -0.49978685560569752200
