# file_format= v0.04.05
        12        30
     18.89726878      0.00000000      0.00000000    0
      0.00000000     18.89726878      0.00000000    0
      0.00000000      0.00000000     18.89726878    0
 6
       4
     2     2     2     2
     0     1     1     1
 1.710E+00 1.625E+00 1.625E+00 1.625E+00
 0.000E+00 0.000E+00 0.000E+00 0.000E+00
 0.000E+00 0.000E+00 0.000E+00 0.000E+00
 0.000E+00 0.000E+00 0.000E+00 0.000E+00
      2.660640726064180      0.000001791428031     -0.000000000000000
 6
       4
     2     2     2     2
     0     1     1     1
 1.710E+00 1.625E+00 1.625E+00 1.625E+00
 0.000E+00 0.000E+00 0.000E+00 0.000E+00
 0.000E+00 0.000E+00 0.000E+00 0.000E+00
 0.000E+00 0.000E+00 0.000E+00 0.000E+00
      1.330320106618051      2.304183034002314      0.000000000000000
 6
       4
     2     2     2     2
     0     1     1     1
 1.710E+00 1.625E+00 1.625E+00 1.625E+00
 0.000E+00 0.000E+00 0.000E+00 0.000E+00
 0.000E+00 0.000E+00 0.000E+00 0.000E+00
 0.000E+00 0.000E+00 0.000E+00 0.000E+00
     -1.330320188685154      2.304179921051161      0.000000000000000
 6
       4
     2     2     2     2
     0     1     1     1
 1.710E+00 1.625E+00 1.625E+00 1.625E+00
 0.000E+00 0.000E+00 0.000E+00 0.000E+00
 0.000E+00 0.000E+00 0.000E+00 0.000E+00
 0.000E+00 0.000E+00 0.000E+00 0.000E+00
     -2.660640726064181     -0.000001791428030     -0.000000000000000
 6
       4
     2     2     2     2
     0     1     1     1
 1.710E+00 1.625E+00 1.625E+00 1.625E+00
 0.000E+00 0.000E+00 0.000E+00 0.000E+00
 0.000E+00 0.000E+00 0.000E+00 0.000E+00
 0.000E+00 0.000E+00 0.000E+00 0.000E+00
     -1.330320106618051     -2.304183034002314     -0.000000000000000
 6
       4
     2     2     2     2
     0     1     1     1
 1.710E+00 1.625E+00 1.625E+00 1.625E+00
 0.000E+00 0.000E+00 0.000E+00 0.000E+00
 0.000E+00 0.000E+00 0.000E+00 0.000E+00
 0.000E+00 0.000E+00 0.000E+00 0.000E+00
      1.330320188685153     -2.304179921051161     -0.000000000000000
 1
       1
     1
     0
 1.300E+00
 0.000E+00
 0.000E+00
 0.000E+00
      4.664332228479550      0.000000594868509     -0.000000000000000
 1
       1
     1
     0
 1.300E+00
 0.000E+00
 0.000E+00
 0.000E+00
      2.332166279004625      4.039430465442990      0.000000000000000
 1
       1
     1
     0
 1.300E+00
 0.000E+00
 0.000E+00
 0.000E+00
     -2.332167130644791      4.039426199455528      0.000000000000000
 1
       1
     1
     0
 1.300E+00
 0.000E+00
 0.000E+00
 0.000E+00
     -4.664332228479550     -0.000000594868509     -0.000000000000000
 1
       1
     1
     0
 1.300E+00
 0.000E+00
 0.000E+00
 0.000E+00
     -2.332166279004625     -4.039430465442989      0.000000000000000
 1
       1
     1
     0
 1.300E+00
 0.000E+00
 0.000E+00
 0.000E+00
      2.332167130644790     -4.039426199455527     -0.000000000000000
# LCAO coefficients
        30
         1        0.279046486819640   k=         1
         2       -0.008553365830403   k=         1
         3        0.000000015179783   k=         1
         4       -0.000000000000000   k=         1
         5        0.279046469530125   k=         1
         6       -0.004276668578261   k=         1
         7       -0.007407443875685   k=         1
         8        0.000000000000000   k=         1
         9        0.279046499416824   k=         1
        10        0.004276668952184   k=         1
        11       -0.007407395868470   k=         1
        12        0.000000000000000   k=         1
        13        0.279046486819639   k=         1
        14        0.008553365830403   k=         1
        15       -0.000000015179783   k=         1
        16        0.000000000000000   k=         1
        17        0.279046469530125   k=         1
        18        0.004276668578261   k=         1
        19        0.007407443875685   k=         1
        20       -0.000000000000000   k=         1
        21        0.279046499416823   k=         1
        22       -0.004276668952184   k=         1
        23        0.007407395868470   k=         1
        24        0.000000000000000   k=         1
        25        0.036588949445424   k=         1
        26        0.036588952152815   k=         1
        27        0.036588985970016   k=         1
        28        0.036588949445425   k=         1
        29        0.036588952152815   k=         1
        30        0.036588985970014   k=         1
         1        0.361288512553124   k=         2
         2       -0.030325492618233   k=         2
         3        0.037156813114271   k=         2
         4        0.000000000000000   k=         2
         5        0.346629621287683   k=         2
         6        0.021894008051417   k=         2
         7       -0.046236564868178   k=         2
         8       -0.000000000000000   k=         2
         9       -0.014658913365364   k=         2
        10        0.068005037993803   k=         2
        11        0.040683549261680   k=         2
        12       -0.000000000000000   k=         2
        13       -0.361288512553124   k=         2
        14       -0.030325492618232   k=         2
        15        0.037156813114270   k=         2
        16       -0.000000000000000   k=         2
        17       -0.346629621287682   k=         2
        18        0.021894008051417   k=         2
        19       -0.046236564868179   k=         2
        20        0.000000000000000   k=         2
        21        0.014658913365363   k=         2
        22        0.068005037993803   k=         2
        23        0.040683549261680   k=         2
        24       -0.000000000000000   k=         2
        25        0.099145321626697   k=         2
        26        0.095122627416257   k=         2
        27       -0.004022728557062   k=         2
        28       -0.099145321626697   k=         2
        29       -0.095122627416256   k=         2
        30        0.004022728557062   k=         2
         1       -0.191663337692457   k=         3
         2        0.016087653236905   k=         3
         3        0.070041232698602   k=         3
         4       -0.000000000000000   k=         3
         5        0.217053314361494   k=         3
         6       -0.067305788534428   k=         3
         7        0.017821686283353   k=         3
         8        0.000000000000000   k=         3
         9        0.408716774656404   k=         3
        10        0.019614355890911   k=         3
        11       -0.028289316308071   k=         3
        12       -0.000000000000000   k=         3
        13        0.191663337692457   k=         3
        14        0.016087653236904   k=         3
        15        0.070041232698603   k=         3
        16        0.000000000000000   k=         3
        17       -0.217053314361495   k=         3
        18       -0.067305788534429   k=         3
        19        0.017821686283353   k=         3
        20       -0.000000000000000   k=         3
        21       -0.408716774656403   k=         3
        22        0.019614355890911   k=         3
        23       -0.028289316308072   k=         3
        24       -0.000000000000000   k=         3
        25       -0.052596576235934   k=         3
        26        0.059564115861271   k=         3
        27        0.112160819129489   k=         3
        28        0.052596576235933   k=         3
        29       -0.059564115861272   k=         3
        30       -0.112160819129488   k=         3
         1       -0.039031996052421   k=         4
         2       -0.012239509991924   k=         4
         3        0.174989192400468   k=         4
         4       -0.000000000000000   k=         4
         5        0.293660920010713   k=         4
         6        0.105632578341459   k=         4
         7        0.045343726847823   k=         4
         8       -0.000000000000000   k=         4
         9       -0.254628770795129   k=         4
        10        0.131877750652685   k=         4
        11       -0.016057895092129   k=         4
        12       -0.000000000000000   k=         4
        13       -0.039031996052419   k=         4
        14        0.012239509991924   k=         4
        15       -0.174989192400468   k=         4
        16       -0.000000000000000   k=         4
        17        0.293660920010713   k=         4
        18       -0.105632578341459   k=         4
        19       -0.045343726847824   k=         4
        20        0.000000000000000   k=         4
        21       -0.254628770795131   k=         4
        22       -0.131877750652685   k=         4
        23        0.016057895092129   k=         4
        24        0.000000000000000   k=         4
        25       -0.027952671211921   k=         4
        26        0.210304364954342   k=         4
        27       -0.182351644950888   k=         4
        28       -0.027952671211922   k=         4
        29        0.210304364954343   k=         4
        30       -0.182351644950889   k=         4
         1        0.316555237991305   k=         5
         2        0.099264211858775   k=         5
         3        0.021576576281496   k=         5
         4       -0.000000000000000   k=         5
         5       -0.124474853874614   k=         5
         6        0.121068790598188   k=         5
         7       -0.114969621946022   k=         5
         8        0.000000000000000   k=         5
         9       -0.192080345158987   k=         5
        10       -0.091783046704052   k=         5
        11       -0.122540746675607   k=         5
        12        0.000000000000000   k=         5
        13        0.316555237991303   k=         5
        14       -0.099264211858775   k=         5
        15       -0.021576576281496   k=         5
        16        0.000000000000000   k=         5
        17       -0.124474853874614   k=         5
        18       -0.121068790598188   k=         5
        19        0.114969621946021   k=         5
        20       -0.000000000000000   k=         5
        21       -0.192080345158988   k=         5
        22        0.091783046704052   k=         5
        23        0.122540746675607   k=         5
        24       -0.000000000000000   k=         5
        25        0.226700065581600   k=         5
        26       -0.089142193978363   k=         5
        27       -0.137557778365733   k=         5
        28        0.226700065581599   k=         5
        29       -0.089142193978362   k=         5
        30       -0.137557778365734   k=         5
         1       -0.176028062984155   k=         6
         2       -0.156578624643957   k=         6
         3        0.000000083840747   k=         6
         4       -0.000000000000000   k=         6
         5        0.176027998107598   k=         6
         6        0.078289257072727   k=         6
         7        0.135601158751782   k=         6
         8        0.000000000000000   k=         6
         9       -0.176027928149592   k=         6
        10        0.078289204488888   k=         6
        11       -0.135600853056281   k=         6
        12        0.000000000000000   k=         6
        13        0.176028062984156   k=         6
        14       -0.156578624643957   k=         6
        15        0.000000083840746   k=         6
        16        0.000000000000000   k=         6
        17       -0.176027998107598   k=         6
        18        0.078289257072726   k=         6
        19        0.135601158751783   k=         6
        20        0.000000000000000   k=         6
        21        0.176027928149591   k=         6
        22        0.078289204488887   k=         6
        23       -0.135600853056280   k=         6
        24        0.000000000000000   k=         6
        25       -0.249555160792163   k=         6
        26        0.249555139543451   k=         6
        27       -0.249554933570215   k=         6
        28        0.249555160792163   k=         6
        29       -0.249555139543451   k=         6
        30        0.249554933570215   k=         6
         1       -0.008642835800134   k=         7
         2        0.221565484307170   k=         7
         3       -0.000000093999542   k=         7
         4       -0.000000000000000   k=         7
         5       -0.008642763768951   k=         7
         6        0.110782655327653   k=         7
         7        0.191881503721612   k=         7
         8       -0.000000000000000   k=         7
         9       -0.008642825076240   k=         7
        10       -0.110782965637399   k=         7
        11        0.191881404999056   k=         7
        12       -0.000000000000000   k=         7
        13       -0.008642835800134   k=         7
        14       -0.221565484307168   k=         7
        15        0.000000093999542   k=         7
        16       -0.000000000000001   k=         7
        17       -0.008642763768951   k=         7
        18       -0.110782655327657   k=         7
        19       -0.191881503721612   k=         7
        20       -0.000000000000000   k=         7
        21       -0.008642825076241   k=         7
        22        0.110782965637404   k=         7
        23       -0.191881404999060   k=         7
        24       -0.000000000000000   k=         7
        25        0.188695264924960   k=         7
        26        0.188695425180637   k=         7
        27        0.188695470889986   k=         7
        28        0.188695264924958   k=         7
        29        0.188695425180639   k=         7
        30        0.188695470889990   k=         7
         1       -0.060050225592647   k=         8
         2        0.303318537208593   k=         8
         3       -0.065472467169032   k=         8
         4       -0.000000000000000   k=         8
         5       -0.066199655320227   k=         8
         6        0.124947278505904   k=         8
         7        0.313970269764736   k=         8
         8        0.000000000000000   k=         8
         9       -0.006149425405194   k=         8
        10       -0.114475464897466   k=         8
        11       -0.030225856014223   k=         8
        12       -0.000000000000001   k=         8
        13        0.060050225592647   k=         8
        14        0.303318537208592   k=         8
        15       -0.065472467169030   k=         8
        16       -0.000000000000001   k=         8
        17        0.066199655320226   k=         8
        18        0.124947278505905   k=         8
        19        0.313970269764734   k=         8
        20       -0.000000000000001   k=         8
        21        0.006149425405194   k=         8
        22       -0.114475464897467   k=         8
        23       -0.030225856014222   k=         8
        24       -0.000000000000001   k=         8
        25        0.224669390897334   k=         8
        26        0.247676670403233   k=         8
        27        0.023007411083486   k=         8
        28       -0.224669390897333   k=         8
        29       -0.247676670403232   k=         8
        30       -0.023007411083488   k=         8
         1        0.041770958885318   k=         9
         2       -0.210987633005924   k=         9
         3       -0.094124681176579   k=         9
         4        0.000000000000000   k=         9
         5       -0.031119768560784   k=         9
         6        0.168456210306181   k=         9
         7        0.084246491520058   k=         9
         8       -0.000000000000000   k=         9
         9       -0.072890650274873   k=         9
        10       -0.175740762902373   k=         9
        11        0.323668663323640   k=         9
        12       -0.000000000000000   k=         9
        13       -0.041770958885319   k=         9
        14       -0.210987633005928   k=         9
        15       -0.094124681176578   k=         9
        16       -0.000000000000001   k=         9
        17        0.031119768560784   k=         9
        18        0.168456210306182   k=         9
        19        0.084246491520054   k=         9
        20       -0.000000000000001   k=         9
        21        0.072890650274873   k=         9
        22       -0.175740762902373   k=         9
        23        0.323668663323639   k=         9
        24        0.000000000000000   k=         9
        25       -0.156279296621752   k=         9
        26        0.116429442177519   k=         9
        27        0.272709214368054   k=         9
        28        0.156279296621755   k=         9
        29       -0.116429442177517   k=         9
        30       -0.272709214368053   k=         9
         1       -0.000000184897007   k=        10
         2        0.000000239408289   k=        10
         3       -0.331789810514712   k=        10
         4       -0.000000000000009   k=        10
         5       -0.000000070819617   k=        10
         6       -0.287337916747652   k=        10
         7        0.165895459862249   k=        10
         8       -0.000000000000010   k=        10
         9       -0.000000106587685   k=        10
        10        0.287337636870524   k=        10
        11        0.165895195430820   k=        10
        12       -0.000000000000010   k=        10
        13        0.000000184897008   k=        10
        14        0.000000239408290   k=        10
        15       -0.331789810514712   k=        10
        16       -0.000000000000010   k=        10
        17        0.000000070819617   k=        10
        18       -0.287337916747651   k=        10
        19        0.165895459862249   k=        10
        20       -0.000000000000009   k=        10
        21        0.000000106587686   k=        10
        22        0.287337636870524   k=        10
        23        0.165895195430822   k=        10
        24       -0.000000000000009   k=        10
        25        0.000000250996355   k=        10
        26        0.000000602990592   k=        10
        27        0.000000226949805   k=        10
        28       -0.000000250996355   k=        10
        29       -0.000000602990593   k=        10
        30       -0.000000226949807   k=        10
         1        0.000000000000000   k=        11
         2        0.000000000000001   k=        11
         3       -0.000000000000010   k=        11
         4        0.326606423800545   k=        11
         5       -0.000000000000000   k=        11
         6       -0.000000000000008   k=        11
         7        0.000000000000006   k=        11
         8        0.326606402256596   k=        11
         9        0.000000000000000   k=        11
        10        0.000000000000007   k=        11
        11        0.000000000000005   k=        11
        12        0.326606415058435   k=        11
        13        0.000000000000000   k=        11
        14        0.000000000000001   k=        11
        15       -0.000000000000009   k=        11
        16        0.326606423800545   k=        11
        17        0.000000000000000   k=        11
        18       -0.000000000000008   k=        11
        19        0.000000000000005   k=        11
        20        0.326606402256597   k=        11
        21        0.000000000000000   k=        11
        22        0.000000000000008   k=        11
        23        0.000000000000005   k=        11
        24        0.326606415058435   k=        11
        25        0.000000000000001   k=        11
        26        0.000000000000001   k=        11
        27        0.000000000000000   k=        11
        28       -0.000000000000001   k=        11
        29       -0.000000000000000   k=        11
        30       -0.000000000000000   k=        11
         1       -0.049603011201264   k=        12
         2        0.238086642291317   k=        12
         3        0.114277774813329   k=        12
         4       -0.000000000000000   k=        12
         5        0.038826933485298   k=        12
         6       -0.306209468436328   k=        12
         7       -0.038402891626057   k=        12
         8        0.000000000000001   k=        12
         9        0.010776175162467   k=        12
        10        0.337857650437043   k=        12
        11        0.135336751053643   k=        12
        12        0.000000000000002   k=        12
        13       -0.049603011201264   k=        12
        14       -0.238086642291316   k=        12
        15       -0.114277774813329   k=        12
        16        0.000000000000001   k=        12
        17        0.038826933485298   k=        12
        18        0.306209468436326   k=        12
        19        0.038402891626056   k=        12
        20       -0.000000000000001   k=        12
        21        0.010776175162466   k=        12
        22       -0.337857650437042   k=        12
        23       -0.135336751053644   k=        12
        24       -0.000000000000001   k=        12
        25        0.268010186110071   k=        12
        26       -0.209785181882690   k=        12
        27       -0.058224900040174   k=        12
        28        0.268010186110070   k=        12
        29       -0.209785181882689   k=        12
        30       -0.058224900040173   k=        12
         1       -0.016195109477912   k=        13
         2        0.077733496020984   k=        13
         3       -0.350016187352415   k=        13
         4       -0.000000000000001   k=        13
         5       -0.034859931598484   k=        13
         6       -0.153608843029243   k=        13
         7        0.281893048460343   k=        13
         8       -0.000000000000001   k=        13
         9        0.051055099956195   k=        13
        10        0.056675047899735   k=        13
        11       -0.250244862043591   k=        13
        12       -0.000000000000001   k=        13
        13       -0.016195109477912   k=        13
        14       -0.077733496020985   k=        13
        15        0.350016187352417   k=        13
        16       -0.000000000000000   k=        13
        17       -0.034859931598485   k=        13
        18        0.153608843029243   k=        13
        19       -0.281893048460346   k=        13
        20        0.000000000000001   k=        13
        21        0.051055099956195   k=        13
        22       -0.056675047899734   k=        13
        23        0.250244862043589   k=        13
        24       -0.000000000000000   k=        13
        25        0.087503528471705   k=        13
        26        0.188351924824510   k=        13
        27       -0.275855215002761   k=        13
        28        0.087503528471705   k=        13
        29        0.188351924824511   k=        13
        30       -0.275855215002759   k=        13
         1       -0.000000000000000   k=        14
         2        0.000000000000000   k=        14
         3        0.000000000000000   k=        14
         4       -0.467036534545471   k=        14
         5       -0.000000000000000   k=        14
         6        0.000000000000000   k=        14
         7        0.000000000000000   k=        14
         8       -0.447683054513070   k=        14
         9        0.000000000000000   k=        14
        10       -0.000000000000000   k=        14
        11        0.000000000000001   k=        14
        12        0.019353506068675   k=        14
        13       -0.000000000000000   k=        14
        14        0.000000000000000   k=        14
        15       -0.000000000000001   k=        14
        16        0.467036534545470   k=        14
        17        0.000000000000000   k=        14
        18        0.000000000000000   k=        14
        19        0.000000000000001   k=        14
        20        0.447683054513070   k=        14
        21       -0.000000000000000   k=        14
        22       -0.000000000000000   k=        14
        23       -0.000000000000000   k=        14
        24       -0.019353506068674   k=        14
        25        0.000000000000001   k=        14
        26       -0.000000000000000   k=        14
        27        0.000000000000001   k=        14
        28        0.000000000000000   k=        14
        29       -0.000000000000001   k=        14
        30        0.000000000000000   k=        14
         1        0.000000000000000   k=        15
         2       -0.000000000000001   k=        15
         3       -0.000000000000001   k=        15
         4       -0.247296177647307   k=        15
         5        0.000000000000000   k=        15
         6        0.000000000000001   k=        15
         7        0.000000000000001   k=        15
         8        0.280817417129933   k=        15
         9       -0.000000000000000   k=        15
        10       -0.000000000000001   k=        15
        11       -0.000000000000000   k=        15
        12        0.528113712317611   k=        15
        13       -0.000000000000000   k=        15
        14        0.000000000000000   k=        15
        15        0.000000000000000   k=        15
        16        0.247296177647307   k=        15
        17       -0.000000000000000   k=        15
        18       -0.000000000000001   k=        15
        19       -0.000000000000000   k=        15
        20       -0.280817417129933   k=        15
        21        0.000000000000000   k=        15
        22        0.000000000000001   k=        15
        23        0.000000000000001   k=        15
        24       -0.528113712317611   k=        15
        25       -0.000000000000001   k=        15
        26        0.000000000000001   k=        15
        27        0.000000000000000   k=        15
        28       -0.000000000000001   k=        15
        29        0.000000000000001   k=        15
        30       -0.000000000000000   k=        15
         1       -0.000000000000000   k=        16
         2       -0.000000000000000   k=        16
         3        0.000000000000000   k=        16
         4        0.129958916385708   k=        16
         5       -0.000000000000000   k=        16
         6        0.000000000000000   k=        16
         7       -0.000000000000000   k=        16
         8        0.505036306718601   k=        16
         9        0.000000000000000   k=        16
        10       -0.000000000000000   k=        16
        11        0.000000000000000   k=        16
        12       -0.634995167515458   k=        16
        13        0.000000000000000   k=        16
        14       -0.000000000000000   k=        16
        15        0.000000000000000   k=        16
        16        0.129958916385709   k=        16
        17        0.000000000000000   k=        16
        18        0.000000000000000   k=        16
        19       -0.000000000000000   k=        16
        20        0.505036306718600   k=        16
        21        0.000000000000000   k=        16
        22       -0.000000000000000   k=        16
        23       -0.000000000000000   k=        16
        24       -0.634995167515459   k=        16
        25        0.000000000000000   k=        16
        26       -0.000000000000000   k=        16
        27        0.000000000000000   k=        16
        28        0.000000000000000   k=        16
        29        0.000000000000000   k=        16
        30       -0.000000000000000   k=        16
         1       -0.000000000000000   k=        17
         2       -0.000000000000000   k=        17
         3        0.000000000000000   k=        17
         4       -0.658197493005572   k=        17
         5        0.000000000000000   k=        17
         6       -0.000000000000000   k=        17
         7       -0.000000000000000   k=        17
         8        0.441646462049410   k=        17
         9        0.000000000000000   k=        17
        10       -0.000000000000000   k=        17
        11       -0.000000000000000   k=        17
        12        0.216551051650494   k=        17
        13       -0.000000000000000   k=        17
        14       -0.000000000000000   k=        17
        15       -0.000000000000000   k=        17
        16       -0.658197493005573   k=        17
        17       -0.000000000000000   k=        17
        18        0.000000000000000   k=        17
        19        0.000000000000000   k=        17
        20        0.441646462049410   k=        17
        21       -0.000000000000000   k=        17
        22        0.000000000000000   k=        17
        23        0.000000000000000   k=        17
        24        0.216551051650494   k=        17
        25       -0.000000000000000   k=        17
        26       -0.000000000000000   k=        17
        27       -0.000000000000000   k=        17
        28       -0.000000000000000   k=        17
        29        0.000000000000000   k=        17
        30        0.000000000000000   k=        17
         1        0.000000000000000   k=        18
         2        0.000000000000000   k=        18
         3        0.000000000000000   k=        18
         4       -0.541040574675634   k=        18
         5        0.000000000000000   k=        18
         6       -0.000000000000000   k=        18
         7        0.000000000000000   k=        18
         8        0.541040550592851   k=        18
         9        0.000000000000000   k=        18
        10        0.000000000000000   k=        18
        11        0.000000000000000   k=        18
        12       -0.541040449811219   k=        18
        13       -0.000000000000000   k=        18
        14       -0.000000000000000   k=        18
        15       -0.000000000000000   k=        18
        16        0.541040574675634   k=        18
        17       -0.000000000000000   k=        18
        18        0.000000000000000   k=        18
        19        0.000000000000000   k=        18
        20       -0.541040550592851   k=        18
        21        0.000000000000000   k=        18
        22        0.000000000000000   k=        18
        23        0.000000000000000   k=        18
        24        0.541040449811220   k=        18
        25        0.000000000000000   k=        18
        26       -0.000000000000000   k=        18
        27        0.000000000000000   k=        18
        28        0.000000000000000   k=        18
        29        0.000000000000000   k=        18
        30        0.000000000000000   k=        18
         1       -0.000895341966551   k=        19
         2        0.030117116784594   k=        19
         3        0.575952921489199   k=        19
         4        0.000000000000000   k=        19
         5       -0.014126668058883   k=        19
         6        0.012673435924173   k=        19
         7        0.541355359860436   k=        19
         8       -0.000000000000000   k=        19
         9       -0.013232368301839   k=        19
        10        0.051357039879018   k=        19
        11        0.543548163052064   k=        19
        12        0.000000000000000   k=        19
        13        0.000895341966550   k=        19
        14        0.030117116784591   k=        19
        15        0.575952921489201   k=        19
        16       -0.000000000000000   k=        19
        17        0.014126668058885   k=        19
        18        0.012673435924171   k=        19
        19        0.541355359860437   k=        19
        20        0.000000000000000   k=        19
        21        0.013232368301840   k=        19
        22        0.051357039879017   k=        19
        23        0.543548163052064   k=        19
        24       -0.000000000000000   k=        19
        25       -0.031708913753900   k=        19
        26       -0.500282165382497   k=        19
        27       -0.468573061066491   k=        19
        28        0.031708913753898   k=        19
        29        0.500282165382496   k=        19
        30        0.468573061066492   k=        19
         1       -0.015795164367535   k=        20
         2        0.531285083860568   k=        20
         3       -0.032649025383466   k=        20
         4        0.000000000000000   k=        20
         5       -0.007122652207651   k=        20
         6        0.565882074438557   k=        20
         7       -0.050091354628320   k=        20
         8       -0.000000000000000   k=        20
         9        0.008673588794243   k=        20
        10        0.563689454272961   k=        20
        11       -0.011407479171979   k=        20
        12        0.000000000000000   k=        20
        13        0.015795164367535   k=        20
        14        0.531285083860568   k=        20
        15       -0.032649025383469   k=        20
        16       -0.000000000000000   k=        20
        17        0.007122652207651   k=        20
        18        0.565882074438557   k=        20
        19       -0.050091354628322   k=        20
        20        0.000000000000000   k=        20
        21       -0.008673588794243   k=        20
        22        0.563689454272962   k=        20
        23       -0.011407479171977   k=        20
        24       -0.000000000000000   k=        20
        25       -0.559369371873287   k=        20
        26       -0.252223599628912   k=        20
        27        0.307144802868650   k=        20
        28        0.559369371873288   k=        20
        29        0.252223599628911   k=        20
        30       -0.307144802868649   k=        20
         1       -0.322367093498971   k=        21
         2       -0.333058740280217   k=        21
         3       -0.000002969998302   k=        21
         4        0.000000000000000   k=        21
         5       -0.322366428199097   k=        21
         6       -0.166526415703011   k=        21
         7       -0.288442064489818   k=        21
         8        0.000000000000000   k=        21
         9       -0.322365116599571   k=        21
        10        0.166535262133522   k=        21
        11       -0.288440114674795   k=        21
        12       -0.000000000000000   k=        21
        13       -0.322367093498972   k=        21
        14        0.333058740280219   k=        21
        15        0.000002969998303   k=        21
        16       -0.000000000000000   k=        21
        17       -0.322366428199096   k=        21
        18        0.166526415703011   k=        21
        19        0.288442064489818   k=        21
        20       -0.000000000000000   k=        21
        21       -0.322365116599572   k=        21
        22       -0.166535262133522   k=        21
        23        0.288440114674797   k=        21
        24       -0.000000000000000   k=        21
        25        0.523532822838708   k=        21
        26        0.523534524268045   k=        21
        27        0.523536183396970   k=        21
        28        0.523532822838709   k=        21
        29        0.523534524268045   k=        21
        30        0.523536183396972   k=        21
         1        0.051311653396656   k=        22
         2       -0.829780211616768   k=        22
         3       -0.042717549898267   k=        22
         4       -0.000000000000000   k=        22
         5       -0.013124467709213   k=        22
         6       -0.025988276682334   k=        22
         7        0.260068747037423   k=        22
         8        0.000000000000000   k=        22
         9       -0.038190457568500   k=        22
        10       -0.213664156865686   k=        22
        11        0.589720011322705   k=        22
        12        0.000000000000000   k=        22
        13        0.051311653396656   k=        22
        14        0.829780211616770   k=        22
        15        0.042717549898268   k=        22
        16       -0.000000000000000   k=        22
        17       -0.013124467709214   k=        22
        18        0.025988276682334   k=        22
        19       -0.260068747037423   k=        22
        20        0.000000000000000   k=        22
        21       -0.038190457568500   k=        22
        22        0.213664156865685   k=        22
        23       -0.589720011322702   k=        22
        24        0.000000000000000   k=        22
        25        0.623928206318236   k=        22
        26       -0.159580906794515   k=        22
        27       -0.464342026838336   k=        22
        28        0.623928206318237   k=        22
        29       -0.159580906794514   k=        22
        30       -0.464342026838333   k=        22
         1       -0.014470566173598   k=        23
         2        0.234006599351208   k=        23
         3       -0.151483634419617   k=        23
         4        0.000000000000000   k=        23
         5        0.051672979474429   k=        23
         6       -0.451351831749556   k=        23
         7       -0.704295467563435   k=        23
         8       -0.000000000000000   k=        23
         9       -0.037203329741302   k=        23
        10       -0.398424795402815   k=        23
        11        0.464643894486580   k=        23
        12        0.000000000000000   k=        23
        13       -0.014470566173597   k=        23
        14       -0.234006599351205   k=        23
        15        0.151483634419618   k=        23
        16        0.000000000000000   k=        23
        17        0.051672979474431   k=        23
        18        0.451351831749556   k=        23
        19        0.704295467563433   k=        23
        20        0.000000000000000   k=        23
        21       -0.037203329741302   k=        23
        22        0.398424795402817   k=        23
        23       -0.464643894486579   k=        23
        24       -0.000000000000000   k=        23
        25       -0.175954124812174   k=        23
        26        0.628313967506468   k=        23
        27       -0.452358514461670   k=        23
        28       -0.175954124812172   k=        23
        29        0.628313967506466   k=        23
        30       -0.452358514461671   k=        23
         1       -0.000001335680907   k=        24
         2        0.000001343172616   k=        24
         3        0.817124944013884   k=        24
         4        0.000000000000000   k=        24
         5       -0.000000895858637   k=        24
         6       -0.707658478542118   k=        24
         7        0.408554045512596   k=        24
         8        0.000000000000000   k=        24
         9       -0.000002381580783   k=        24
        10       -0.707655557057701   k=        24
        11       -0.408560534657199   k=        24
        12       -0.000000000000000   k=        24
        13       -0.000001335680907   k=        24
        14       -0.000001343172616   k=        24
        15       -0.817124944013882   k=        24
        16       -0.000000000000000   k=        24
        17       -0.000000895858639   k=        24
        18        0.707658478542116   k=        24
        19       -0.408554045512596   k=        24
        20        0.000000000000000   k=        24
        21       -0.000002381580784   k=        24
        22        0.707655557057698   k=        24
        23        0.408560534657202   k=        24
        24       -0.000000000000000   k=        24
        25        0.000000200042916   k=        24
        26        0.000009183028962   k=        24
        27       -0.000001817474768   k=        24
        28        0.000000200042915   k=        24
        29        0.000009183028962   k=        24
        30       -0.000001817474764   k=        24
         1       -0.175286417617183   k=        25
         2       -0.587109123970314   k=        25
         3       -0.000000805547343   k=        25
         4        0.000000000000000   k=        25
         5        0.175287450367925   k=        25
         6        0.293555496563679   k=        25
         7        0.508451997706042   k=        25
         8        0.000000000000000   k=        25
         9       -0.175285878090824   k=        25
        10        0.293554845202747   k=        25
        11       -0.508451766357609   k=        25
        12       -0.000000000000000   k=        25
        13        0.175286417617181   k=        25
        14       -0.587109123970312   k=        25
        15       -0.000000805547344   k=        25
        16        0.000000000000000   k=        25
        17       -0.175287450367924   k=        25
        18        0.293555496563683   k=        25
        19        0.508451997706043   k=        25
        20       -0.000000000000000   k=        25
        21        0.175285878090823   k=        25
        22        0.293554845202751   k=        25
        23       -0.508451766357611   k=        25
        24       -0.000000000000000   k=        25
        25        0.534040004305656   k=        25
        26       -0.534041343510624   k=        25
        27        0.534040298870408   k=        25
        28       -0.534040004305653   k=        25
        29        0.534041343510626   k=        25
        30       -0.534040298870410   k=        25
         1       -0.730449912120522   k=        26
         2       -0.244896512160038   k=        26
         3       -0.045643870428603   k=        26
         4       -0.000000000000000   k=        26
         5       -0.326696400188719   k=        26
         6        0.527059794531770   k=        26
         7       -0.430771800943043   k=        26
         8        0.000000000000000   k=        26
         9        0.403754339500937   k=        26
        10        0.474612544722738   k=        26
        11        0.430325154103114   k=        26
        12        0.000000000000000   k=        26
        13        0.730449912120526   k=        26
        14       -0.244896512160038   k=        26
        15       -0.045643870428606   k=        26
        16       -0.000000000000000   k=        26
        17        0.326696400188710   k=        26
        18        0.527059794531768   k=        26
        19       -0.430771800943043   k=        26
        20       -0.000000000000000   k=        26
        21       -0.403754339500933   k=        26
        22        0.474612544722734   k=        26
        23        0.430325154103113   k=        26
        24        0.000000000000000   k=        26
        25        0.502224174784118   k=        26
        26        0.224620799652938   k=        26
        27       -0.277603204513070   k=        26
        28       -0.502224174784120   k=        26
        29       -0.224620799652934   k=        26
        30        0.277603204513069   k=        26
         1       -0.044489789290193   k=        27
         2       -0.014916662068302   k=        27
         3        0.749413316665764   k=        27
         4       -0.000000000000000   k=        27
         5       -0.654832981276138   k=        27
         6       -0.400044113438531   k=        27
         7       -0.022541832779672   k=        27
         8        0.000000000000000   k=        27
         9       -0.610344165609295   k=        27
        10        0.461053821209505   k=        27
        11        0.029903749640646   k=        27
        12        0.000000000000000   k=        27
        13        0.044489789290178   k=        27
        14       -0.014916662068302   k=        27
        15        0.749413316665760   k=        27
        16       -0.000000000000000   k=        27
        17        0.654832981276144   k=        27
        18       -0.400044113438534   k=        27
        19       -0.022541832779671   k=        27
        20       -0.000000000000000   k=        27
        21        0.610344165609303   k=        27
        22        0.461053821209511   k=        27
        23        0.029903749640651   k=        27
        24        0.000000000000000   k=        27
        25        0.030589770111098   k=        27
        26        0.450232814978625   k=        27
        27        0.419645594643573   k=        27
        28       -0.030589770111091   k=        27
        29       -0.450232814978630   k=        27
        30       -0.419645594643575   k=        27
         1        0.346679071478012   k=        28
         2       -0.049997555074185   k=        28
         3       -0.437207997243365   k=        28
         4       -0.000000000000000   k=        28
         5        0.679438199298775   k=        28
         6       -0.353754453640395   k=        28
         7        0.091091744925570   k=        28
         8       -0.000000000000000   k=        28
         9       -1.026118588859884   k=        28
        10       -0.147864550869733   k=        28
        11        0.085508574764121   k=        28
        12       -0.000000000000000   k=        28
        13        0.346679071478020   k=        28
        14        0.049997555074187   k=        28
        15        0.437207997243370   k=        28
        16        0.000000000000000   k=        28
        17        0.679438199298777   k=        28
        18        0.353754453640393   k=        28
        19       -0.091091744925574   k=        28
        20       -0.000000000000000   k=        28
        21       -1.026118588859878   k=        28
        22        0.147864550869737   k=        28
        23       -0.085508574764116   k=        28
        24        0.000000000000000   k=        28
        25       -0.124754256427384   k=        28
        26       -0.244497905191110   k=        28
        27        0.369254066711437   k=        28
        28       -0.124754256427387   k=        28
        29       -0.244497905191114   k=        28
        30        0.369254066711436   k=        28
         1        0.984703847881516   k=        29
         2       -0.142014811852322   k=        29
         3        0.153925209806638   k=        29
         4        0.000000000000000   k=        29
         5       -0.792585696485057   k=        29
         6       -0.204100592778526   k=        29
         7        0.249827877158020   k=        29
         8       -0.000000000000000   k=        29
         9       -0.192118777893141   k=        29
        10        0.380704321714429   k=        29
        11        0.251793283195333   k=        29
        12        0.000000000000000   k=        29
        13        0.984703847881516   k=        29
        14        0.142014811852324   k=        29
        15       -0.153925209806625   k=        29
        16       -0.000000000000000   k=        29
        17       -0.792585696485054   k=        29
        18        0.204100592778515   k=        29
        19       -0.249827877158017   k=        29
        20        0.000000000000000   k=        29
        21       -0.192118777893122   k=        29
        22       -0.380704321714426   k=        29
        23       -0.251793283195334   k=        29
        24       -0.000000000000000   k=        29
        25       -0.354348714089780   k=        29
        26        0.285214739794847   k=        29
        27        0.069135031445434   k=        29
        28       -0.354348714089778   k=        29
        29        0.285214739794844   k=        29
        30        0.069135031445424   k=        29
         1        0.831061246119398   k=        30
         2       -0.451064026402064   k=        30
         3        0.000000651182736   k=        30
         4        0.000000000000000   k=        30
         5       -0.831060807792850   k=        30
         6        0.225530968431876   k=        30
         7        0.390633709587468   k=        30
         8        0.000000000000000   k=        30
         9        0.831060548711027   k=        30
        10        0.225531426082777   k=        30
        11       -0.390631946916150   k=        30
        12       -0.000000000000000   k=        30
        13       -0.831061246119388   k=        30
        14       -0.451064026402062   k=        30
        15        0.000000651182737   k=        30
        16       -0.000000000000000   k=        30
        17        0.831060807792848   k=        30
        18        0.225530968431879   k=        30
        19        0.390633709587465   k=        30
        20       -0.000000000000000   k=        30
        21       -0.831060548711034   k=        30
        22        0.225531426082776   k=        30
        23       -0.390631946916153   k=        30
        24       -0.000000000000000   k=        30
        25       -0.091892933701563   k=        30
        26        0.091892680429801   k=        30
        27       -0.091893412084363   k=        30
        28        0.091892933701561   k=        30
        29       -0.091892680429801   k=        30
        30        0.091893412084366   k=        30
