%%MatrixMarket matrix coordinate real symmetric
% step_count=        28
          30          30         303
         1         1        1.00000000000000000000
         2         2        1.00000000000000000000
         3         3        1.00000000000000000000
         4         4        1.00000000000000000000
         5         1        0.36711663484126866308
         6         1        0.20496368673709283725
         7         1       -0.35500726954727090945
         5         2       -0.20496368673709283725
         6         2        0.09789540605750998714
         7         2        0.24788159312177329707
         5         3        0.35500726954727090945
         6         3        0.24788159312177329707
         7         3       -0.18833320050787827338
         8         4        0.24101001119022960606
         9         1        0.06673308306658834455
        10         1        0.08762688672553928249
        11         1       -0.05059131598442587197
         9         2       -0.08762688672553928249
        10         2       -0.09492838190574443002
        11         2        0.07382884254131091839
         9         3        0.05059131598442587197
        10         3        0.07382884254131091839
        11         3       -0.00967787215504218104
        12         4        0.03294715358016143264
        13         1        0.03160245999785720600
        14         1        0.05139104199160317299
        15         1        0.00000003386474421224
        13         2       -0.05139104199160317299
        14         2       -0.07625802568852775576
        15         2       -0.00000005981360780069
        13         3       -0.00000003386474421224
        14         3       -0.00000005981360780069
        15         3        0.01451140729132061914
        16         4        0.01451140729136003379
        17         1        0.06673286733444537544
        18         1        0.08762657084885852599
        19         1        0.05059127837677390022
        17         2       -0.08762657084885852599
        18         2       -0.09492797664914577604
        19         2       -0.07382875150461964964
        17         3       -0.05059127837677390022
        18         3       -0.07382875150461964964
        19         3       -0.00967805989446295090
        20         4        0.03294703524959212426
        21         1        0.36711654008660726811
        22         1        0.20496361063043208595
        23         1        0.35500723270415368571
        21         2       -0.20496361063043208595
        22         2        0.09789540230637377993
        23         2       -0.24788153045913108308
        21         3       -0.35500723270415368571
        22         3       -0.24788153045913108308
        23         3       -0.18833328505588342594
        24         4        0.24100993297240341784
        25         1        0.49507422850372434509
        25         2        0.50135329918467297361
        25         3       -0.00000028715759041529
        26         1        0.09565877174477273315
        26         2       -0.01092313985419337066
        26         3        0.13432404441390863314
        27         1        0.00839475627658488321
        27         2       -0.01090033257784911447
        27         3        0.00881888333928338222
        28         1        0.00306769093728239675
        28         2       -0.00536090867622415149
        28         3       -0.00000000172639635229
        29         1        0.00839471810310772268
        29         2       -0.01090027642805315757
        29         3       -0.00881885639245723156
        30         1        0.09565884197625537655
        30         2       -0.01092311872540894201
        30         3       -0.13432413502938853056
         5         5        1.00000000000000000000
         6         6        1.00000000000000000000
         7         7        1.00000000000000000000
         8         8        1.00000000000000000000
         9         5        0.36711650784120891666
        10         5        0.40992706355614799696
        11         5        0.00000046800200041778
         9         6       -0.40992706355614799696
        10         6       -0.33144781915187015997
        11         6       -0.00000065355860715190
         9         7       -0.00000046800200041778
        10         7       -0.00000065355860715190
        11         7        0.24100990635381325244
        12         8        0.24100990635455940558
        13         5        0.06673286733444537544
        14         5        0.08762657084885852599
        15         5        0.05059127837677388634
        13         6       -0.08762657084885852599
        14         6       -0.09492797664914577604
        15         6       -0.07382875150461962188
        13         7       -0.05059127837677388634
        14         7       -0.07382875150461962188
        15         7       -0.00967805989446293355
        16         8        0.03294703524959212426
        17         5        0.03160243495264338648
        18         5        0.02569549396457462137
        19         5        0.04450592038858716681
        17         6       -0.02569549396457462137
        18         6       -0.00818093319984323185
        19         6       -0.03930428212563372853
        17         7       -0.04450592038858716681
        18         7       -0.03930428212563372853
        19         7       -0.05356564832645530766
        20         8        0.01451139481681639788
        21         5        0.06673305940455767638
        22         5       -0.00000000186987696350
        23         5        0.10118273588422885267
        21         6        0.00000000186987696350
        22         6        0.03294714060137143852
        23         6        0.00000000315088315963
        21         7       -0.10118273588422885267
        22         7        0.00000000315088315963
        23         7       -0.13755337080436413899
        24         8        0.03294714060137150097
        25         5        0.09565862351808940289
        25         6        0.11086631409029978901
        25         7       -0.07662162806819182437
        26         5        0.49507424383017117897
        26         6        0.25067675568530700669
        26         7        0.43418464202232615046
        27         5        0.09565874799810715479
        27         6       -0.12178964054329415034
        27         7        0.05770216004022685197
        28         5        0.00839472914628566769
        28         6       -0.01308750614026419831
        28         7       -0.00503049986773362878
        29         5        0.00306768856928603699
        29         6       -0.00268045201767341075
        29         7       -0.00464267985802441479
        30         5        0.00839475957890398368
        30         6        0.00218722637460597646
        30         7       -0.01384940942627343324
         9         9        1.00000000000000000000
        10        10        1.00000000000000000000
        11        11        1.00000000000000000000
        12        12        1.00000000000000000000
        13         9        0.36711654008660726811
        14         9        0.20496361063043208595
        15         9        0.35500723270415368571
        13        10       -0.20496361063043208595
        14        10        0.09789540230637377993
        15        10       -0.24788153045913108308
        13        11       -0.35500723270415368571
        14        11       -0.24788153045913108308
        15        11       -0.18833328505588342594
        16        12        0.24100993297240341784
        17         9        0.06673305940455767638
        18         9       -0.00000000186987697502
        19         9        0.10118273588422885267
        17        10        0.00000000186987697502
        18        10        0.03294714060137143852
        19        10        0.00000000315088317904
        17        11       -0.10118273588422885267
        18        11        0.00000000315088317904
        19        11       -0.13755337080436413899
        20        12        0.03294714060137150097
        21         9        0.03160261221834297779
        22         9       -0.02569565272573444067
        23         9        0.04450613384995547039
        21        10        0.02569565272573444067
        22        10       -0.00818100134673580351
        23        10        0.03930449875616832262
        21        11       -0.04450613384995547039
        22        11        0.03930449875616832262
        23        11       -0.05356584114524960694
        24        12        0.01451148310950669054
        25         9        0.00839474244509889889
        25        10        0.01308752897722174555
        25        11       -0.00503049929813369472
        26         9        0.09565853677998291393
        26        10        0.12178930131042629836
        26        11        0.05770225367357961072
        27         9        0.49507443151000440906
        27        10       -0.25067709187729508846
        27        11        0.43418456927414783575
        28         9        0.09565872284959639482
        28        10       -0.11086644467258784108
        28        11       -0.07662165954172656113
        29         9        0.00839475027954757029
        29        10       -0.00218722154426195629
        29        11       -0.01384939524323883751
        30         9        0.00306770866110608323
        30        10        0.00268047170277406488
        30        11       -0.00464270737547518245
        13        13        1.00000000000000000000
        14        14        1.00000000000000000000
        15        15        1.00000000000000000000
        16        16        1.00000000000000000000
        17        13        0.36711663484126821899
        18        13       -0.20496368673709269848
        19        13        0.35500726954727063189
        17        14        0.20496368673709269848
        18        14        0.09789540605750987612
        19        14        0.24788159312177304727
        17        15       -0.35500726954727063189
        18        15        0.24788159312177304727
        19        15       -0.18833320050787810684
        20        16        0.24101001119022938401
        21        13        0.06673308306658834455
        22        13       -0.08762688672553928249
        23        13        0.05059131598442587197
        21        14        0.08762688672553928249
        22        14       -0.09492838190574443002
        23        14        0.07382884254131091839
        21        15       -0.05059131598442587197
        22        15        0.07382884254131091839
        23        15       -0.00967787215504218104
        24        16        0.03294715358016143264
        25        13        0.00306769093728239675
        25        14        0.00536090867622415149
        25        15        0.00000000172639635194
        26        13        0.00839471810310772268
        26        14        0.01090027642805315757
        26        15        0.00881885639245723156
        27        13        0.09565884197625537655
        27        14        0.01092311872540894201
        27        15        0.13432413502938853056
        28        13        0.49507422850372434509
        28        14       -0.50135329918467297361
        28        15        0.00000028715759029425
        29        13        0.09565877174477262213
        29        14        0.01092313985419337760
        29        15       -0.13432404441390846661
        30        13        0.00839475627658488321
        30        14        0.01090033257784911447
        30        15       -0.00881888333928338222
        17        17        1.00000000000000000000
        18        18        1.00000000000000000000
        19        19        1.00000000000000000000
        20        20        1.00000000000000000000
        21        17        0.36711650784120936075
        22        17       -0.40992706355614783043
        23        17       -0.00000046800200045819
        21        18        0.40992706355614783043
        22        18       -0.33144781915187021548
        23        18       -0.00000065355860720832
        21        19        0.00000046800200045819
        22        19       -0.00000065355860720832
        23        19        0.24100990635381358551
        24        20        0.24100990635455973865
        25        17        0.00839472914628566769
        25        18        0.01308750614026419831
        25        19        0.00503049986773362792
        26        17        0.00306768856928603699
        26        18        0.00268045201767341075
        26        19        0.00464267985802441479
        27        17        0.00839475957890398368
        27        18       -0.00218722637460597820
        27        19        0.01384940942627343324
        28        17        0.09565862351808940289
        28        18       -0.11086631409029962247
        28        19        0.07662162806819168559
        29        17        0.49507424383017101244
        29        18       -0.25067675568530711772
        29        19       -0.43418464202232631699
        30        17        0.09565874799810715479
        30        18        0.12178964054329415034
        30        19       -0.05770216004022683809
        21        21        1.00000000000000000000
        22        22        1.00000000000000000000
        23        23        1.00000000000000000000
        24        24        1.00000000000000000000
        25        21        0.09565872284959651972
        25        22        0.11086644467258789659
        25        23        0.07662165954172656113
        26        21        0.00839475027954755294
        26        22        0.00218722154426195499
        26        23        0.01384939524323882537
        27        21        0.00306770866110608323
        27        22       -0.00268047170277406488
        27        23        0.00464270737547518245
        28        21        0.00839474244509891623
        28        22       -0.01308752897722176463
        28        23        0.00503049929813370079
        29        21        0.09565853677998306659
        29        22       -0.12178930131042638163
        29        23       -0.05770225367357965235
        30        21        0.49507443151000440906
        30        22        0.25067709187729508846
        30        23       -0.43418456927414783575
        25        25        1.00000000000000000000
        26        25        0.04492147923638594581
        27        25        0.00132500987121705644
        28        25        0.00033598397911233449
        29        25        0.00132500710835940132
        30        25        0.04492161138013029548
        26        26        1.00000000000000000000
        27        26        0.04492141368379082289
        28        26        0.00132500710835939937
        29        26        0.00033598374338072567
        30        26        0.00132501314732037996
        27        27        1.00000000000000000000
        28        27        0.04492161138013026772
        29        27        0.00132501314732037996
        30        27        0.00033598612724029581
        28        28        1.00000000000000000000
        29        28        0.04492147923638594581
        30        28        0.00132500987121705644
        29        29        1.00000000000000000000
        30        29        0.04492141368379082983
        30        30        1.00000000000000000000
