# file_format= v0.04.05
        12        30
     18.89726878      0.00000000      0.00000000    0
      0.00000000     18.89726878      0.00000000    0
      0.00000000      0.00000000     18.89726878    0
 6
       4
     2     2     2     2
     0     1     1     1
 1.710E+00 1.625E+00 1.625E+00 1.625E+00
 0.000E+00 0.000E+00 0.000E+00 0.000E+00
 0.000E+00 0.000E+00 0.000E+00 0.000E+00
 0.000E+00 0.000E+00 0.000E+00 0.000E+00
      2.628192459204397      0.254606242082586     -0.412536838437977
 6
       4
     2     2     2     2
     0     1     1     1
 1.710E+00 1.625E+00 1.625E+00 1.625E+00
 0.000E+00 0.000E+00 0.000E+00 0.000E+00
 0.000E+00 0.000E+00 0.000E+00 0.000E+00
 0.000E+00 0.000E+00 0.000E+00 0.000E+00
      1.008336640646086      2.368918325856880     -0.878899997729146
 6
       4
     2     2     2     2
     0     1     1     1
 1.710E+00 1.625E+00 1.625E+00 1.625E+00
 0.000E+00 0.000E+00 0.000E+00 0.000E+00
 0.000E+00 0.000E+00 0.000E+00 0.000E+00
 0.000E+00 0.000E+00 0.000E+00 0.000E+00
     -1.582015721477462      2.148357788992842     -0.227586008677016
 6
       4
     2     2     2     2
     0     1     1     1
 1.710E+00 1.625E+00 1.625E+00 1.625E+00
 0.000E+00 0.000E+00 0.000E+00 0.000E+00
 0.000E+00 0.000E+00 0.000E+00 0.000E+00
 0.000E+00 0.000E+00 0.000E+00 0.000E+00
     -2.660317072499145     -0.257303042649254      0.484114354420411
 6
       4
     2     2     2     2
     0     1     1     1
 1.710E+00 1.625E+00 1.625E+00 1.625E+00
 0.000E+00 0.000E+00 0.000E+00 0.000E+00
 0.000E+00 0.000E+00 0.000E+00 0.000E+00
 0.000E+00 0.000E+00 0.000E+00 0.000E+00
     -0.992069567952553     -2.397388103959050      0.661205830066502
 6
       4
     2     2     2     2
     0     1     1     1
 1.710E+00 1.625E+00 1.625E+00 1.625E+00
 0.000E+00 0.000E+00 0.000E+00 0.000E+00
 0.000E+00 0.000E+00 0.000E+00 0.000E+00
 0.000E+00 0.000E+00 0.000E+00 0.000E+00
      1.623853447232243     -2.108129569608105      0.428297661105251
 1
       1
     1
     0
 1.300E+00
 0.000E+00
 0.000E+00
 0.000E+00
      4.641926300445557      0.379007480033608     -0.774349324356378
 1
       1
     1
     0
 1.300E+00
 0.000E+00
 0.000E+00
 0.000E+00
      1.640923434818428      4.047895863316241     -1.644872177459594
 1
       1
     1
     0
 1.300E+00
 0.000E+00
 0.000E+00
 0.000E+00
     -2.885991201527514      3.629487087320605     -0.479472818532496
 1
       1
     1
     0
 1.300E+00
 0.000E+00
 0.000E+00
 0.000E+00
     -4.702117604845756     -0.394315470462343      0.602489980252426
 1
       1
     1
     0
 1.300E+00
 0.000E+00
 0.000E+00
 0.000E+00
     -1.908785310063424     -4.146738525460599      1.011277663744049
 1
       1
     1
     0
 1.300E+00
 0.000E+00
 0.000E+00
 0.000E+00
      2.904449967218965     -3.623320012628748      0.634342118871783
# LCAO coefficients
        30        30
         1        0.282057064266275   k=         1
         2       -0.008530715544175   k=         1
         3       -0.001182992784764   k=         1
         4        0.001435740239280   k=         1
         5        0.279454704731563   k=         1
         6       -0.003272193985860   k=         1
         7       -0.008435645870278   k=         1
         8        0.005186559324890   k=         1
         9        0.273808544542113   k=         1
        10        0.005798696468407   k=         1
        11       -0.006122240023105   k=         1
        12       -0.000355672030133   k=         1
        13        0.269193386993802   k=         1
        14        0.008395060632745   k=         1
        15       -0.000073143648994   k=         1
        16       -0.000965568801415   k=         1
        17        0.284931534291380   k=         1
        18        0.006113204302884   k=         1
        19        0.007963231790336   k=         1
        20       -0.000371945514803   k=         1
        21        0.289644221904484   k=         1
        22       -0.007933275869277   k=         1
        23        0.007246461300885   k=         1
        24       -0.002258613026720   k=         1
        25        0.036517320279077   k=         1
        26        0.042285976056636   k=         1
        27        0.038756371669227   k=         1
        28        0.034638249738334   k=         1
        29        0.039850639981450   k=         1
        30        0.041306817187519   k=         1
         1        0.029356167491327   k=         2
         2       -0.011918403455462   k=         2
         3        0.071287601558752   k=         2
         4       -0.021239189798752   k=         2
         5        0.371791129030699   k=         2
         6       -0.042018380252073   k=         2
         7       -0.013200721638150   k=         2
         8        0.013344046042992   k=         2
         9        0.342316761616793   k=         2
        10        0.050103403780092   k=         2
        11        0.000278188695040   k=         2
        12       -0.010063341485808   k=         2
        13       -0.021798379354755   k=         2
        14       -0.010999690052269   k=         2
        15        0.069372608014432   k=         2
        16       -0.012539714095071   k=         2
        17       -0.361949302172673   k=         2
        18       -0.045074138758358   k=         2
        19       -0.013685191775049   k=         2
        20        0.006243610537383   k=         2
        21       -0.340207664167407   k=         2
        22        0.052682591236258   k=         2
        23        0.002767514819183   k=         2
        24       -0.005213139082885   k=         2
        25        0.007322903694059   k=         2
        26        0.108115117756067   k=         2
        27        0.094869022656314   k=         2
        28       -0.005227492214755   k=         2
        29       -0.098779120943675   k=         2
        30       -0.093947031603193   k=         2
         1        0.404042873840336   k=         3
         2       -0.031137417276249   k=         3
         3       -0.006868571903003   k=         3
         4        0.006430349709060   k=         3
         5        0.179037316271479   k=         3
         6        0.060794597153016   k=         3
         7       -0.041807719741141   k=         3
         8        0.002101460014758   k=         3
         9       -0.231078739352125   k=         3
        10        0.041284692804274   k=         3
        11        0.051296947783318   k=         3
        12       -0.021216175675285   k=         3
        13       -0.416022111208310   k=         3
        14       -0.032686106395311   k=         3
        15       -0.008031222356156   k=         3
        16        0.005890121039057   k=         3
        17       -0.183682018171005   k=         3
        18        0.062669741220420   k=         3
        19       -0.041575555895874   k=         3
        20        0.001805893506548   k=         3
        21        0.219749900094754   k=         3
        22        0.043172198327458   k=         3
        23        0.052789973117876   k=         3
        24       -0.018373092437816   k=         3
        25        0.109901398538123   k=         3
        26        0.053515607766198   k=         3
        27       -0.068045466602418   k=         3
        28       -0.113124053509832   k=         3
        29       -0.053508792232164   k=         3
        30        0.063733789816237   k=         3
         1        0.200906546714087   k=         4
         2        0.073644061117618   k=         4
         3       -0.120895700555224   k=         4
         4        0.029136336309094   k=         4
         5       -0.314844917388819   k=         4
         6       -0.018425674648661   k=         4
         7       -0.096034121889027   k=         4
         8        0.040542439840234   k=         4
         9        0.134430927049390   k=         4
        10       -0.145538266749388   k=         4
        11       -0.054253931404998   k=         4
        12        0.043510911742785   k=         4
        13        0.190208066708598   k=         4
        14       -0.071003166009331   k=         4
        15        0.126179983428297   k=         4
        16       -0.016359869922546   k=         4
        17       -0.315678452519559   k=         4
        18        0.021219432546238   k=         4
        19        0.092922688478200   k=         4
        20       -0.015636218227397   k=         4
        21        0.121356184240946   k=         4
        22        0.152589529557353   k=         4
        23        0.064286869937618   k=         4
        24       -0.030029532589196   k=         4
        25        0.138260031388094   k=         4
        26       -0.235300964828083   k=         4
        27        0.101645401448026   k=         4
        28        0.133619070651037   k=         4
        29       -0.222364542915551   k=         4
        30        0.090160190691487   k=         4
         1       -0.264969432567074   k=         5
         2       -0.061920934225075   k=         5
         3       -0.102043992442506   k=         5
         4        0.040555502005753   k=         5
         5       -0.037857085673702   k=         5
         6       -0.163751723169621   k=         5
         7        0.062373471265604   k=         5
         8        0.012075050232702   k=         5
         9        0.296691976515505   k=         5
        10       -0.001773813403116   k=         5
        11        0.111886244030326   k=         5
        12       -0.025888957639255   k=         5
        13       -0.268574454530659   k=         5
        14        0.065167265169528   k=         5
        15        0.103827865218095   k=         5
        16       -0.029999632094753   k=         5
        17       -0.035552502047777   k=         5
        18        0.167477885472966   k=         5
        19       -0.059075449147259   k=         5
        20       -0.003590488129080   k=         5
        21        0.287983822453842   k=         5
        22        0.001580815444858   k=         5
        23       -0.111123857838628   k=         5
        24        0.032873893698976   k=         5
        25       -0.182181553016655   k=         5
        26       -0.024797373814313   k=         5
        27        0.213639041891526   k=         5
        28       -0.184078836705951   k=         5
        29       -0.032824348056748   k=         5
        30        0.206859756786253   k=         5
         1       -0.181133157725092   k=         6
         2       -0.137314503361300   k=         6
         3       -0.019235924443801   k=         6
         4        0.023118510768205   k=         6
         5        0.167798189098387   k=         6
         6        0.053944088253019   k=         6
         7        0.138983918645057   k=         6
         8       -0.069346355216093   k=         6
         9       -0.176725483587000   k=         6
        10        0.084510889401654   k=         6
        11       -0.123002130479101   k=         6
        12        0.008657393697925   k=         6
        13        0.191436291627042   k=         6
        14       -0.156691335896017   k=         6
        15       -0.009834971270988   k=         6
        16        0.020704030538119   k=         6
        17       -0.178865590634632   k=         6
        18        0.064651747889634   k=         6
        19        0.138341065268823   k=         6
        20       -0.021325056037991   k=         6
        21        0.178571693155185   k=         6
        22        0.102691857183610   k=         6
        23       -0.119984612714212   k=         6
        24        0.030112327346525   k=         6
        25       -0.237397490990731   k=         6
        26        0.249858426549161   k=         6
        27       -0.243150021824473   k=         6
        28        0.258694599496578   k=         6
        29       -0.245043404421590   k=         6
        30        0.251538852211066   k=         6
         1       -0.005152837820225   k=         7
         2        0.226074472345608   k=         7
         3        0.010597965728796   k=         7
         4       -0.041281456991193   k=         7
         5       -0.014432260510901   k=         7
         6        0.079757498166645   k=         7
         7        0.189722957479004   k=         7
         8       -0.084826715993618   k=         7
         9       -0.010144193129502   k=         7
        10       -0.141753874930268   k=         7
        11        0.171748572406469   k=         7
        12       -0.030054469251381   k=         7
        13       -0.012104286236316   k=         7
        14       -0.203767307062746   k=         7
        15       -0.022941183495499   k=         7
        16        0.019280412775006   k=         7
        17       -0.005673685920871   k=         7
        18       -0.098108482646567   k=         7
        19       -0.206225156809137   k=         7
        20        0.041716061532964   k=         7
        21       -0.013980680538033   k=         7
        22        0.141539131828297   k=         7
        23       -0.169228594305836   k=         7
        24        0.022337536181017   k=         7
        25        0.199751952291016   k=         7
        26        0.183362645383852   k=         7
        27        0.190732412469032   k=         7
        28        0.170324693380996   k=         7
        29        0.202015870487692   k=         7
        30        0.183751360130877   k=         7
         1       -0.010131060622127   k=         8
         2        0.085158665573708   k=         8
         3       -0.098890870149406   k=         8
         4        0.006421547581815   k=         8
         5       -0.068442815764353   k=         8
         6        0.166211254862094   k=         8
         7        0.276864392772153   k=         8
         8       -0.147416075438595   k=         8
         9       -0.057228568665128   k=         8
        10       -0.241826806805764   k=         8
        11        0.157492490252367   k=         8
        12       -0.006961688018103   k=         8
        13        0.013043166504641   k=         8
        14        0.069763707582074   k=         8
        15       -0.068677555891508   k=         8
        16        0.017494121089314   k=         8
        17        0.066154121185911   k=         8
        18        0.193028897295491   k=         8
        19        0.278014387906651   k=         8
        20       -0.053322673905097   k=         8
        21        0.053044182102095   k=         8
        22       -0.246822314530553   k=         8
        23        0.178888385107669   k=         8
        24       -0.016197738381734   k=         8
        25        0.062283253177910   k=         8
        26        0.256046609999099   k=         8
        27        0.195685726099891   k=         8
        28       -0.043763528520830   k=         8
        29       -0.249247006117093   k=         8
        30       -0.223257568813968   k=         8
         1       -0.071811173823395   k=         9
         2        0.345698606321779   k=         9
         3        0.028094363528147   k=         9
         4       -0.056384460731292   k=         9
         5       -0.026214960911232   k=         9
         6       -0.067020891050301   k=         9
         7        0.152809700698474   k=         9
         8       -0.041166277685406   k=         9
         9        0.049520353311606   k=         9
        10        0.082834075584410   k=         9
        11       -0.230944053933044   k=         9
        12        0.054361333357408   k=         9
        13        0.077055456245866   k=         9
        14        0.371444954898150   k=         9
        15        0.041312168896483   k=         9
        16       -0.030840728126429   k=         9
        17        0.021125950191801   k=         9
        18       -0.078344298357269   k=         9
        19        0.170006478432004   k=         9
        20       -0.004180574876324   k=         9
        21       -0.047426539840717   k=         9
        22        0.099408245778884   k=         9
        23       -0.211849362204106   k=         9
        24        0.058055211368818   k=         9
        25        0.262185997035299   k=         9
        26        0.090055174869064   k=         9
        27       -0.173218782588390   k=         9
        28       -0.280995942413319   k=         9
        29       -0.091894046892132   k=         9
        30        0.172894046005402   k=         9
         1       -0.007809393673298   k=        10
         2       -0.006054116420844   k=        10
         3        0.350241000942964   k=        10
         4       -0.125411985037840   k=        10
         5        0.013665610483966   k=        10
         6        0.275440108399874   k=        10
         7       -0.157053432739480   k=        10
         8        0.001087507537181   k=        10
         9        0.002041351349532   k=        10
        10       -0.204336113645055   k=        10
        11       -0.176374334957468   k=        10
        12        0.104910689194279   k=        10
        13       -0.001957688168381   k=        10
        14       -0.028673072949101   k=        10
        15        0.298840354577692   k=        10
        16       -0.033275626256979   k=        10
        17        0.008896694923617   k=        10
        18        0.299842523103203   k=        10
        19       -0.121321667512360   k=        10
        20        0.011211632772136   k=        10
        21       -0.008255022788220   k=        10
        22       -0.256771489035818   k=        10
        23       -0.254633112697944   k=        10
        24        0.084492805290847   k=        10
        25        0.034906272196583   k=        10
        26       -0.036943432232647   k=        10
        27       -0.003248582792180   k=        10
        28        0.010170539307561   k=        10
        29       -0.029064870358474   k=        10
        30        0.030723340260730   k=        10
         1        0.004693480801453   k=        11
         2        0.032414818201459   k=        11
         3        0.129127857830441   k=        11
         4        0.303154143972397   k=        11
         5        0.006916072358268   k=        11
         6        0.071079803332284   k=        11
         7        0.085626508606327   k=        11
         8        0.306197644275931   k=        11
         9       -0.002588598543467   k=        11
        10        0.056182641513646   k=        11
        11        0.130774428236335   k=        11
        12        0.286328957105232   k=        11
        13        0.005736071119431   k=        11
        14        0.021052170091373   k=        11
        15        0.006807424589536   k=        11
        16        0.317225588288530   k=        11
        17        0.003619396672681   k=        11
        18        0.009486216535954   k=        11
        19        0.082542715641566   k=        11
        20        0.325602762748509   k=        11
        21        0.004358860488897   k=        11
        22        0.033911912271151   k=        11
        23        0.067094005046130   k=        11
        24        0.331200330155277   k=        11
        25       -0.006253843300174   k=        11
        26       -0.015120767956351   k=        11
        27        0.032075553011894   k=        11
        28        0.010454879307498   k=        11
        29       -0.015018824376977   k=        11
        30        0.019134855151350   k=        11
         1       -0.052976699692626   k=        12
         2        0.267953703880827   k=        12
         3       -0.051459310701012   k=        12
         4        0.002871523761427   k=        12
         5        0.012116844388082   k=        12
         6       -0.359856783216051   k=        12
         7        0.080611075274524   k=        12
         8        0.077537550681706   k=        12
         9        0.042976565561277   k=        12
        10        0.329442672624191   k=        12
        11        0.029093677748793   k=        12
        12       -0.070269807646354   k=        12
        13       -0.049000335967307   k=        12
        14       -0.240375250539774   k=        12
        15        0.025274525394167   k=        12
        16       -0.000003763754342   k=        12
        17        0.023500384469269   k=        12
        18        0.315880724619639   k=        12
        19       -0.061964054086082   k=        12
        20       -0.011638111215074   k=        12
        21        0.027706210908027   k=        12
        22       -0.291150665927400   k=        12
        23       -0.034995877668802   k=        12
        24        0.046055845373157   k=        12
        25        0.288359994079247   k=        12
        26       -0.091155659168852   k=        12
        27       -0.186176956689731   k=        12
        28        0.268607493671569   k=        12
        29       -0.088352427318178   k=        12
        30       -0.175753531974100   k=        12
         1        0.013835133807504   k=        13
         2       -0.005249386292935   k=        13
         3       -0.297946543590313   k=        13
         4        0.140817934229305   k=        13
         5       -0.047562130563702   k=        13
         6       -0.000506205639957   k=        13
         7        0.226215151615285   k=        13
         8       -0.052571674640967   k=        13
         9        0.043026197539863   k=        13
        10       -0.074350835168936   k=        13
        11       -0.296834684657743   k=        13
        12        0.151479255044479   k=        13
        13        0.003256406297475   k=        13
        14        0.002406486552700   k=        13
        15        0.412319439166683   k=        13
        16       -0.024877899052095   k=        13
        17       -0.052637797525919   k=        13
        18        0.044766881531296   k=        13
        19       -0.286487525152181   k=        13
        20        0.065999904578921   k=        13
        21        0.036374682569718   k=        13
        22        0.053353788768678   k=        13
        23        0.267351720466325   k=        13
        24       -0.042493697465184   k=        13
        25       -0.050273528370667   k=        13
        26        0.237340517075847   k=        13
        27       -0.210908442795778   k=        13
        28       -0.047781135266253   k=        13
        29        0.268990112422311   k=        13
        30       -0.201571302573402   k=        13
         1       -0.006301149388071   k=        14
         2        0.008935744164959   k=        14
         3        0.013306079212412   k=        14
         4        0.025379314150540   k=        14
         5       -0.004932150913808   k=        14
         6        0.101359362723152   k=        14
         7        0.173867174245769   k=        14
         8        0.428697328735831   k=        14
         9        0.006052590540341   k=        14
        10        0.075828960150314   k=        14
        11        0.123545943136507   k=        14
        12        0.427119694061607   k=        14
        13        0.007336430590028   k=        14
        14        0.008777715789853   k=        14
        15       -0.012009183289828   k=        14
        16       -0.014017799128140   k=        14
        17        0.006958364658549   k=        14
        18       -0.036253745481714   k=        14
        19       -0.049661195323605   k=        14
        20       -0.457272973752858   k=        14
        21       -0.006335558533178   k=        14
        22       -0.039013653026834   k=        14
        23       -0.112807386640660   k=        14
        24       -0.424385491474998   k=        14
        25       -0.011718708421005   k=        14
        26        0.012532596020474   k=        14
        27       -0.004707628835993   k=        14
        28        0.007223741424534   k=        14
        29       -0.019446436053329   k=        14
        30        0.015338945855612   k=        14
         1        0.002300475764066   k=        15
         2        0.070506805919377   k=        15
         3        0.172732509694945   k=        15
         4        0.493542357678284   k=        15
         5       -0.006649969713543   k=        15
         6        0.081217097748182   k=        15
         7        0.084792245107401   k=        15
         8        0.210809727369866   k=        15
         9       -0.009886944063870   k=        15
        10       -0.078329911929356   k=        15
        11       -0.089408432080993   k=        15
        12       -0.262315436663079   k=        15
        13       -0.008734613258177   k=        15
        14       -0.033614462807080   k=        15
        15       -0.084016487300417   k=        15
        16       -0.533717316867650   k=        15
        17        0.004876368373243   k=        15
        18       -0.012772915606556   k=        15
        19       -0.035402895939326   k=        15
        20       -0.242654726524440   k=        15
        21        0.006634069137664   k=        15
        22        0.024924031833957   k=        15
        23        0.067250863218495   k=        15
        24        0.264581014651569   k=        15
        25       -0.009519865304590   k=        15
        26        0.010747382073946   k=        15
        27        0.002515770908182   k=        15
        28       -0.011726029547817   k=        15
        29        0.003152197064208   k=        15
        30        0.005902447371323   k=        15
         1       -0.006009873982981   k=        16
         2       -0.089210039886355   k=        16
         3       -0.210201697991584   k=        16
         4       -0.615111885228894   k=        16
         5       -0.007096737983475   k=        16
         6        0.072480789592812   k=        16
         7        0.093159428976114   k=        16
         8        0.239755001992834   k=        16
         9        0.018762091558480   k=        16
        10        0.072967270790281   k=        16
        11        0.095555775371728   k=        16
        12        0.371052142082510   k=        16
        13       -0.020410839687700   k=        16
        14       -0.055917329426418   k=        16
        15       -0.116741786110113   k=        16
        16       -0.659297857767767   k=        16
        17       -0.004412851008498   k=        16
        18        0.009564475915342   k=        16
        19        0.045399622521071   k=        16
        20        0.283329915674532   k=        16
        21        0.012869920093621   k=        16
        22        0.037266505311644   k=        16
        23        0.100383632626415   k=        16
        24        0.349441923151207   k=        16
        25       -0.001953075860377   k=        16
        26        0.003104606896651   k=        16
        27       -0.011423147510148   k=        16
        28        0.015486735020434   k=        16
        29        0.008714618658124   k=        16
        30       -0.012437192645921   k=        16
         1       -0.011625524733631   k=        17
         2        0.020745941779304   k=        17
         3        0.035435532270881   k=        17
         4        0.063065607503679   k=        17
         5        0.001407071801012   k=        17
         6       -0.122443809695496   k=        17
         7       -0.214567105232600   k=        17
         8       -0.564031902136538   k=        17
         9        0.011868889762127   k=        17
        10        0.101493541037154   k=        17
        11        0.156445523397588   k=        17
        12        0.526383559657077   k=        17
        13       -0.011636882701876   k=        17
        14       -0.009062296537370   k=        17
        15       -0.002934332826122   k=        17
        16        0.048729744233913   k=        17
        17        0.003586494210044   k=        17
        18       -0.046217940779621   k=        17
        19       -0.085695733814450   k=        17
        20       -0.588778229730552   k=        17
        21        0.008793343026004   k=        17
        22        0.043121290183506   k=        17
        23        0.124556225131792   k=        17
        24        0.520969331564685   k=        17
        25        0.021806691790591   k=        17
        26        0.006325861013428   k=        17
        27        0.002730581407893   k=        17
        28        0.018522711085487   k=        17
        29        0.006605195574192   k=        17
        30        0.007677156189392   k=        17
         1       -0.010700624596294   k=        18
         2       -0.073242949717565   k=        18
         3       -0.130187028271927   k=        18
         4       -0.519194017356713   k=        18
         5        0.003669955644363   k=        18
         6        0.094167545450007   k=        18
         7        0.194313840213148   k=        18
         8        0.483408090445294   k=        18
         9       -0.019113805800947   k=        18
        10       -0.075455285919280   k=        18
        11       -0.112567778519882   k=        18
        12       -0.493965275133164   k=        18
        13        0.019483292535017   k=        18
        14        0.036714346400067   k=        18
        15        0.137109336894280   k=        18
        16        0.493236865217790   k=        18
        17       -0.001177291677737   k=        18
        18       -0.047003907005247   k=        18
        19       -0.066905927082627   k=        18
        20       -0.539549110490353   k=        18
        21        0.020367978430375   k=        18
        22        0.058356700943141   k=        18
        23        0.162622605503033   k=        18
        24        0.533588610831120   k=        18
        25        0.001931219683873   k=        18
        26       -0.033311697885195   k=        18
        27       -0.009844209032152   k=        18
        28       -0.017287390423973   k=        18
        29        0.035280852195988   k=        18
        30        0.011186752153707   k=        18
         1       -0.018719070484171   k=        19
         2        0.120440913151750   k=        19
         3        0.519598090491177   k=        19
         4       -0.148423341414688   k=        19
         5       -0.047304512054440   k=        19
         6        0.046153083915619   k=        19
         7        0.366202204929380   k=        19
         8       -0.194972155567379   k=        19
         9       -0.036478891011692   k=        19
        10        0.138460948819908   k=        19
        11        0.568712606236916   k=        19
        12       -0.153604537745202   k=        19
        13       -0.030160153286056   k=        19
        14        0.094433099537004   k=        19
        15        0.639427849017238   k=        19
        16       -0.157206706809262   k=        19
        17        0.037051989624863   k=        19
        18        0.040389662765947   k=        19
        19        0.559424998759796   k=        19
        20       -0.046448148299876   k=        19
        21        0.012764684923280   k=        19
        22        0.074973901544737   k=        19
        23        0.480851826471284   k=        19
        24       -0.175884540349882   k=        19
        25       -0.168784200057571   k=        19
        26       -0.432358738305536   k=        19
        27       -0.367210803095725   k=        19
        28        0.192091390186272   k=        19
        29        0.544888420480076   k=        19
        30        0.373641278151580   k=        19
         1       -0.000125698042475   k=        20
         2        0.588629326921634   k=        20
         3       -0.139554233062431   k=        20
         4       -0.041378746953887   k=        20
         5        0.011647526275836   k=        20
         6        0.567871898494073   k=        20
         7       -0.134556611371778   k=        20
         8       -0.076402714245075   k=        20
         9        0.046789923076888   k=        20
        10        0.537737234355121   k=        20
        11       -0.062110610756972   k=        20
        12       -0.096076504202521   k=        20
        13        0.001155044030020   k=        20
        14        0.543569026884957   k=        20
        15       -0.113732529147423   k=        20
        16       -0.006600611016279   k=        20
        17        0.017984570838840   k=        20
        18        0.496616962027435   k=        20
        19       -0.163664124093033   k=        20
        20       -0.023913051694402   k=        20
        21        0.005093625197530   k=        20
        22        0.488902738963307   k=        20
        23       -0.041995373318997   k=        20
        24       -0.027293443093767   k=        20
        25       -0.587544312080637   k=        20
        26       -0.134913949186333   k=        20
        27        0.370148312017126   k=        20
        28        0.536016575269077   k=        20
        29        0.070933239494084   k=        20
        30       -0.382033298890671   k=        20
         1       -0.061070337143760   k=        21
         2       -0.796706003869649   k=        21
         3       -0.284294107756243   k=        21
         4        0.209485793072815   k=        21
         5       -0.121226089285247   k=        21
         6        0.096041845699695   k=        21
         7        0.062213981954486   k=        21
         8       -0.034610939625032   k=        21
         9       -0.176210806739635   k=        21
        10        0.017877589143467   k=        21
        11        0.439377270637619   k=        21
        12       -0.136559644611025   k=        21
        13       -0.075477813144529   k=        21
        14        0.850913496998165   k=        21
        15        0.291400125891614   k=        21
        16       -0.119253124167537   k=        21
        17       -0.100767018653477   k=        21
        18       -0.097154572451050   k=        21
        19       -0.126741565187707   k=        21
        20        0.018191002570607   k=        21
        21       -0.157285320970284   k=        21
        22        0.007494952069792   k=        21
        23       -0.455001310890021   k=        21
        24        0.121247700636575   k=        21
        25        0.719519130019437   k=        21
        26        0.018958689256792   k=        21
        27       -0.137076010209148   k=        21
        28        0.760996761968998   k=        21
        29       -0.037131035646899   k=        21
        30       -0.178082074596821   k=        21
         1       -0.193791136391102   k=        22
         2       -0.264587843884432   k=        22
         3        0.603903912701583   k=        22
         4       -0.163769559190217   k=        22
         5       -0.207282184322721   k=        22
         6       -0.351097960108465   k=        22
         7        0.388915278955033   k=        22
         8       -0.057743563799238   k=        22
         9       -0.110546626083206   k=        22
        10       -0.038251046562927   k=        22
        11       -0.665862803276130   k=        22
        12        0.192987319473387   k=        22
        13       -0.222474482570597   k=        22
        14        0.306545388813890   k=        22
        15       -0.570467014787334   k=        22
        16        0.088313507185695   k=        22
        17       -0.198034881738797   k=        22
        18        0.391353190165048   k=        22
        19       -0.334758324933068   k=        22
        20        0.032130238542716   k=        22
        21       -0.129738014549431   k=        22
        22        0.072420086509848   k=        22
        23        0.721843008190142   k=        22
        24       -0.189101271629577   k=        22
        25        0.289954458939594   k=        22
        26       -0.024145517478811   k=        22
        27        0.510214871798027   k=        22
        28        0.360214388695053   k=        22
        29        0.051164949556550   k=        22
        30        0.541723530798646   k=        22
         1       -0.319700296786397   k=        23
         2        0.136808795524139   k=        23
         3       -0.442086542466422   k=        23
         4        0.125410363477637   k=        23
         5       -0.114838212524316   k=        23
         6        0.244070510853431   k=        23
         7       -0.599836608118668   k=        23
         8        0.183940161265367   k=        23
         9       -0.231131373063829   k=        23
        10        0.435726057880956   k=        23
        11       -0.259012653467591   k=        23
        12       -0.016269764062291   k=        23
        13       -0.339421685295986   k=        23
        14       -0.278442505706534   k=        23
        15        0.294976934474869   k=        23
        16       -0.016823516148548   k=        23
        17       -0.203285303146341   k=        23
        18       -0.133217536969264   k=        23
        19        0.724928781466277   k=        23
        20       -0.099194837785888   k=        23
        21       -0.200328570188777   k=        23
        22       -0.366170503708823   k=        23
        23       -0.048437208306416   k=        23
        24        0.033560245583032   k=        23
        25        0.168414614728574   k=        23
        26        0.533739611443053   k=        23
        27        0.566091540012666   k=        23
        28        0.049154123871872   k=        23
        29        0.636015971768632   k=        23
        30        0.313027229932363   k=        23
         1       -0.007619091527607   k=        24
         2        0.007934519525157   k=        24
         3        0.252483367675417   k=        24
         4       -0.097307026200079   k=        24
         5        0.025187754811816   k=        24
         6       -0.682469735370996   k=        24
         7       -0.379153740401288   k=        24
         8        0.294699377841518   k=        24
         9       -0.116079060815399   k=        24
        10       -0.730198931479643   k=        24
        11        0.116525837784371   k=        24
        12        0.101554638938584   k=        24
        13       -0.062546693944888   k=        24
        14        0.059258893194535   k=        24
        15       -0.284033288013860   k=        24
        16        0.041351730357310   k=        24
        17       -0.018072681789832   k=        24
        18        0.725205179009517   k=        24
        19        0.443149022822094   k=        24
        20       -0.125306504400083   k=        24
        21       -0.037155076260513   k=        24
        22        0.754514223304342   k=        24
        23       -0.210008645151735   k=        24
        24       -0.021183901690137   k=        24
        25       -0.024155721011944   k=        24
        26        0.533697240224023   k=        24
        27       -0.345507315196286   k=        24
        28        0.063797878343927   k=        24
        29        0.582179656627232   k=        24
        30       -0.473082440412679   k=        24
         1       -0.182707720933601   k=        25
         2       -0.584754007550872   k=        25
         3        0.050393422501176   k=        25
         4        0.088273308531085   k=        25
         5        0.139746203700385   k=        25
         6        0.301352852776883   k=        25
         7        0.607742642201700   k=        25
         8       -0.295418573352829   k=        25
         9       -0.039287485410151   k=        25
        10        0.399192244456099   k=        25
        11       -0.345311084594052   k=        25
        12        0.048239545178811   k=        25
        13        0.262671971378245   k=        25
        14       -0.480986526486347   k=        25
        15       -0.106942688569134   k=        25
        16        0.042720333640309   k=        25
        17       -0.152135916643379   k=        25
        18        0.334912366007089   k=        25
        19        0.394432770335957   k=        25
        20       -0.083880116893242   k=        25
        21        0.206294848752150   k=        25
        22        0.476964336303859   k=        25
        23       -0.399211829283670   k=        25
        24        0.033472414484238   k=        25
        25        0.511418118160475   k=        25
        26       -0.660800729445332   k=        25
        27        0.411108792034323   k=        25
        28       -0.498395204916423   k=        25
        29        0.461114026334393   k=        25
        30       -0.580233845534755   k=        25
         1       -0.737528629882995   k=        26
         2       -0.087561009016850   k=        26
         3       -0.240997327318011   k=        26
         4        0.095705533678620   k=        26
         5       -0.081993073321773   k=        26
         6        0.593504152150155   k=        26
         7       -0.455732207547059   k=        26
         8        0.042631147764786   k=        26
         9        0.530223265541861   k=        26
        10        0.132667439276121   k=        26
        11        0.473160032587163   k=        26
        12       -0.177770841251906   k=        26
        13        0.664843094595672   k=        26
        14       -0.081479470391902   k=        26
        15       -0.282934837228033   k=        26
        16        0.042499695531222   k=        26
        17        0.004724751669856   k=        26
        18        0.652044371980913   k=        26
        19       -0.320687864709363   k=        26
        20        0.005834557106172   k=        26
        21       -0.485328327465317   k=        26
        22        0.201712465351641   k=        26
        23        0.481099263776050   k=        26
        24       -0.126290429717749   k=        26
        25        0.425051812996178   k=        26
        26        0.182758287197887   k=        26
        27       -0.459051921829199   k=        26
        28       -0.383821719092810   k=        26
        29        0.002512337015231   k=        26
        30        0.407505391028704   k=        26
         1       -0.279348871922018   k=        27
         2       -0.122584269611116   k=        27
         3        0.543225958960265   k=        27
         4       -0.152630092965811   k=        27
         5       -0.584019785745586   k=        27
         6       -0.232414441692148   k=        27
         7       -0.247404521481772   k=        27
         8        0.121732781753520   k=        27
         9       -0.619383270570912   k=        27
        10        0.524815963968691   k=        27
        11        0.173650187656642   k=        27
        12       -0.109461469349734   k=        27
        13        0.340351901574175   k=        27
        14       -0.166374826002680   k=        27
        15        0.646352880380415   k=        27
        16       -0.134313554873219   k=        27
        17        0.748866033163953   k=        27
        18       -0.126629418238594   k=        27
        19       -0.207157860745103   k=        27
        20        0.066795626552149   k=        27
        21        0.310829448575555   k=        27
        22        0.564031918899915   k=        27
        23        0.221202133650687   k=        27
        24       -0.127096751364953   k=        27
        25        0.165160125397014   k=        27
        26        0.529598853622207   k=        27
        27        0.434664149203413   k=        27
        28       -0.224859958064832   k=        27
        29       -0.520150978514520   k=        27
        30       -0.265537440628097   k=        27
         1        0.934144519817906   k=        28
         2       -0.103196428462140   k=        28
         3       -0.042471647215425   k=        28
         4        0.010772833898591   k=        28
         5       -0.498086511559285   k=        28
         6       -0.291978121698858   k=        28
         7        0.168892602151468   k=        28
         8       -0.011743142234380   k=        28
         9       -0.501930541874762   k=        28
        10        0.305366981722219   k=        28
        11        0.249792244902808   k=        28
        12       -0.086596656647787   k=        28
        13        0.992782119619109   k=        28
        14        0.169755918544939   k=        28
        15       -0.024573769791169   k=        28
        16       -0.058106850426784   k=        28
        17       -0.643921591195054   k=        28
        18        0.352219517337833   k=        28
        19       -0.180883705283924   k=        28
        20       -0.007971830535553   k=        28
        21       -0.476735518293771   k=        28
        22       -0.343335309247014   k=        28
        23       -0.234864247420343   k=        28
        24        0.124431621832672   k=        28
        25       -0.352994441185008   k=        28
        26        0.214996057886404   k=        28
        27        0.244315326868055   k=        28
        28       -0.347766647304137   k=        28
        29        0.304326264128456   k=        28
        30        0.244371467938487   k=        28
         1       -0.011032440341090   k=        29
         2        0.080501136890261   k=        29
         3       -0.482174580511159   k=        29
         4        0.128647710023339   k=        29
         5        1.040883150079825   k=        29
         6       -0.234890990697888   k=        29
         7        0.055993587986351   k=        29
         8        0.036483006365150   k=        29
         9       -0.857664752085174   k=        29
        10       -0.308811348825564   k=        29
        11       -0.047795248952236   k=        29
        12        0.115084423654631   k=        29
        13        0.096121419544181   k=        29
        14       -0.029262700049216   k=        29
        15        0.276720153790088   k=        29
        16       -0.072872720429922   k=        29
        17        0.701727694732121   k=        29
        18        0.356858751844224   k=        29
        19       -0.004091514328364   k=        29
        20       -0.021561835282254   k=        29
        21       -0.917169633609194   k=        29
        22        0.207771934484958   k=        29
        23        0.057867010387554   k=        29
        24        0.003899109066374   k=        29
        25       -0.010952019434298   k=        29
        26       -0.476255210184724   k=        29
        27        0.306234162492473   k=        29
        28       -0.048131749153740   k=        29
        29       -0.218975004752442   k=        29
        30        0.361147791705078   k=        29
         1        0.775471617440803   k=        30
         2       -0.430311084439529   k=        30
         3       -0.068270442711764   k=        30
         4        0.067594224098764   k=        30
         5       -0.802918228898888   k=        30
         6        0.178331680508334   k=        30
         7        0.334166035155069   k=        30
         8       -0.153059712585439   k=        30
         9        0.747344668428141   k=        30
        10        0.274398000570735   k=        30
        11       -0.261741793816905   k=        30
        12       -0.014209364886149   k=        30
        13       -0.642086137156566   k=        30
        14       -0.430954315127607   k=        30
        15       -0.012593957235670   k=        30
        16        0.077318132674361   k=        30
        17        0.898330505282092   k=        30
        18        0.287383672061159   k=        30
        19        0.337072033041681   k=        30
        20       -0.082298068031010   k=        30
        21       -0.952466322156192   k=        30
        22        0.353273288919582   k=        30
        23       -0.296011660375606   k=        30
        24        0.080673432390418   k=        30
        25       -0.080261124382128   k=        30
        26        0.122692391633847   k=        30
        27       -0.112423900285217   k=        30
        28        0.030732804134734   k=        30
        29       -0.131960169266927   k=        30
        30        0.144993659180855   k=        30
