         1      -30.3833402451        6.2322669980        1.0000000000
         2      -27.7306211523        4.9707827148        1.0000000000
         3      -27.4829109834        4.9798954075        1.0000000000
         4      -22.3185870203       10.9426907232        1.0000000000
         5      -22.2565148356       10.6828731128        1.0000000000
         6      -19.5956245256       15.9014470615        1.0000000000
         7      -17.6182841094       14.7472145605        1.0000000000
         8      -16.4069202129       13.1267689635        1.0000000000
         9      -16.2783415170        9.0514168405        1.0000000000
        10      -15.3286886494        8.8655168800        1.0000000000
        11      -15.0694045967        7.2631799378        1.0000000000
        12      -14.6672666563        9.9389720555        1.0000000000
        13      -14.3951296453        9.8222729788        1.0000000000
        14      -13.3296551328        4.8482139710        0.9999999986
        15      -13.1800331654        4.5958645152        0.9999999956
        16       -7.9658650701        4.6284581256        0.0000000052
        17       -7.6679981617        4.8254793627        0.0000000006
        18       -3.3543731547        7.0847688881        0.0000000000
        19        5.9855954826       10.7246946314        0.0000000000
        20        6.9447133283       10.2243919719        0.0000000000
        21       15.4313731117        6.6600514006        0.0000000000
        22       17.2397775537       12.0713087880        0.0000000000
        23       18.0200993556       11.9714308811        0.0000000000
        24       19.6119274164        9.7798157708        0.0000000000
        25       24.7513765985       15.6487966097        0.0000000000
        26       37.5035598585       13.4282999703        0.0000000000
        27       39.7215554804       13.7489856126        0.0000000000
        28       45.8054577768        7.9656343356        0.0000000000
        29       49.7416640643        6.6632906219        0.0000000000
        30       63.3331373490        9.1439582884        0.0000000000
