# file_format= v0.04.05
        12        30
     18.89726878      0.00000000      0.00000000    0
      0.00000000     18.89726878      0.00000000    0
      0.00000000      0.00000000     18.89726878    0
 6
       4
     2     2     2     2
     0     1     1     1
 1.710E+00 1.625E+00 1.625E+00 1.625E+00
 0.000E+00 0.000E+00 0.000E+00 0.000E+00
 0.000E+00 0.000E+00 0.000E+00 0.000E+00
 0.000E+00 0.000E+00 0.000E+00 0.000E+00
      2.660841666545965      0.000001753393567     -0.000000000000000
 6
       4
     2     2     2     2
     0     1     1     1
 1.710E+00 1.625E+00 1.625E+00 1.625E+00
 0.000E+00 0.000E+00 0.000E+00 0.000E+00
 0.000E+00 0.000E+00 0.000E+00 0.000E+00
 0.000E+00 0.000E+00 0.000E+00 0.000E+00
      1.330420583044618      2.304357045400810      0.000000000000000
 6
       4
     2     2     2     2
     0     1     1     1
 1.710E+00 1.625E+00 1.625E+00 1.625E+00
 0.000E+00 0.000E+00 0.000E+00 0.000E+00
 0.000E+00 0.000E+00 0.000E+00 0.000E+00
 0.000E+00 0.000E+00 0.000E+00 0.000E+00
     -1.330420668214509      2.304354007594480      0.000000000000000
 6
       4
     2     2     2     2
     0     1     1     1
 1.710E+00 1.625E+00 1.625E+00 1.625E+00
 0.000E+00 0.000E+00 0.000E+00 0.000E+00
 0.000E+00 0.000E+00 0.000E+00 0.000E+00
 0.000E+00 0.000E+00 0.000E+00 0.000E+00
     -2.660841666545965     -0.000001753393567      0.000000000000000
 6
       4
     2     2     2     2
     0     1     1     1
 1.710E+00 1.625E+00 1.625E+00 1.625E+00
 0.000E+00 0.000E+00 0.000E+00 0.000E+00
 0.000E+00 0.000E+00 0.000E+00 0.000E+00
 0.000E+00 0.000E+00 0.000E+00 0.000E+00
     -1.330420583044619     -2.304357045400809     -0.000000000000000
 6
       4
     2     2     2     2
     0     1     1     1
 1.710E+00 1.625E+00 1.625E+00 1.625E+00
 0.000E+00 0.000E+00 0.000E+00 0.000E+00
 0.000E+00 0.000E+00 0.000E+00 0.000E+00
 0.000E+00 0.000E+00 0.000E+00 0.000E+00
      1.330420668214509     -2.304354007594480     -0.000000000000000
 1
       1
     1
     0
 1.300E+00
 0.000E+00
 0.000E+00
 0.000E+00
      4.664668513611059      0.000000605671811      0.000000000000000
 1
       1
     1
     0
 1.300E+00
 0.000E+00
 0.000E+00
 0.000E+00
      2.332334388644298      4.039721721843448      0.000000000000000
 1
       1
     1
     0
 1.300E+00
 0.000E+00
 0.000E+00
 0.000E+00
     -2.332335303586224      4.039717503119912     -0.000000000000000
 1
       1
     1
     0
 1.300E+00
 0.000E+00
 0.000E+00
 0.000E+00
     -4.664668513611061     -0.000000605671811     -0.000000000000000
 1
       1
     1
     0
 1.300E+00
 0.000E+00
 0.000E+00
 0.000E+00
     -2.332334388644298     -4.039721721843448     -0.000000000000000
 1
       1
     1
     0
 1.300E+00
 0.000E+00
 0.000E+00
 0.000E+00
      2.332335303586224     -4.039717503119912     -0.000000000000000
# LCAO coefficients
 1 
         1        1.170224877011999   k= 1
         2        0.928110919038788   k= 1
         3        0.923916651585168   k= 1
         4        0.999999950071463   k= 1
         5        1.170224858891796   k= 1
         6        0.924965134892591   k= 1
         7        0.927062450076029   k= 1
         8        0.999999937205596   k= 1
         9        1.170224871115052   k= 1
        10        0.924964993689271   k= 1
        11        0.927062543415317   k= 1
        12        1.000000112732694   k= 1
        13        1.170224877011998   k= 1
        14        0.928110919038788   k= 1
        15        0.923916651585166   k= 1
        16        0.999999950071464   k= 1
        17        1.170224858891797   k= 1
        18        0.924965134892592   k= 1
        19        0.927062450076029   k= 1
        20        0.999999937205597   k= 1
        21        1.170224871115051   k= 1
        22        0.924964993689271   k= 1
        23        0.927062543415318   k= 1
        24        1.000000112732693   k= 1
        25        0.977747558625518   k= 1
        26        0.977747541364140   k= 1
        27        0.977747600294070   k= 1
        28        0.977747558625516   k= 1
        29        0.977747541364139   k= 1
        30        0.977747600294068   k= 1
