# file_format= v0.04.05
        12        30
     18.89726878      0.00000000      0.00000000    0
      0.00000000     18.89726878      0.00000000    0
      0.00000000      0.00000000     18.89726878    0
 6
       4
     2     2     2     2
     0     1     1     1
 1.710E+00 1.625E+00 1.625E+00 1.625E+00
 0.000E+00 0.000E+00 0.000E+00 0.000E+00
 0.000E+00 0.000E+00 0.000E+00 0.000E+00
 0.000E+00 0.000E+00 0.000E+00 0.000E+00
      2.660841666545965      0.000001753393567     -0.000000000000000
 6
       4
     2     2     2     2
     0     1     1     1
 1.710E+00 1.625E+00 1.625E+00 1.625E+00
 0.000E+00 0.000E+00 0.000E+00 0.000E+00
 0.000E+00 0.000E+00 0.000E+00 0.000E+00
 0.000E+00 0.000E+00 0.000E+00 0.000E+00
      1.330420583044618      2.304357045400810      0.000000000000000
 6
       4
     2     2     2     2
     0     1     1     1
 1.710E+00 1.625E+00 1.625E+00 1.625E+00
 0.000E+00 0.000E+00 0.000E+00 0.000E+00
 0.000E+00 0.000E+00 0.000E+00 0.000E+00
 0.000E+00 0.000E+00 0.000E+00 0.000E+00
     -1.330420668214509      2.304354007594480      0.000000000000000
 6
       4
     2     2     2     2
     0     1     1     1
 1.710E+00 1.625E+00 1.625E+00 1.625E+00
 0.000E+00 0.000E+00 0.000E+00 0.000E+00
 0.000E+00 0.000E+00 0.000E+00 0.000E+00
 0.000E+00 0.000E+00 0.000E+00 0.000E+00
     -2.660841666545965     -0.000001753393567      0.000000000000000
 6
       4
     2     2     2     2
     0     1     1     1
 1.710E+00 1.625E+00 1.625E+00 1.625E+00
 0.000E+00 0.000E+00 0.000E+00 0.000E+00
 0.000E+00 0.000E+00 0.000E+00 0.000E+00
 0.000E+00 0.000E+00 0.000E+00 0.000E+00
     -1.330420583044619     -2.304357045400809     -0.000000000000000
 6
       4
     2     2     2     2
     0     1     1     1
 1.710E+00 1.625E+00 1.625E+00 1.625E+00
 0.000E+00 0.000E+00 0.000E+00 0.000E+00
 0.000E+00 0.000E+00 0.000E+00 0.000E+00
 0.000E+00 0.000E+00 0.000E+00 0.000E+00
      1.330420668214509     -2.304354007594480     -0.000000000000000
 1
       1
     1
     0
 1.300E+00
 0.000E+00
 0.000E+00
 0.000E+00
      4.664668513611059      0.000000605671811      0.000000000000000
 1
       1
     1
     0
 1.300E+00
 0.000E+00
 0.000E+00
 0.000E+00
      2.332334388644298      4.039721721843448      0.000000000000000
 1
       1
     1
     0
 1.300E+00
 0.000E+00
 0.000E+00
 0.000E+00
     -2.332335303586224      4.039717503119912     -0.000000000000000
 1
       1
     1
     0
 1.300E+00
 0.000E+00
 0.000E+00
 0.000E+00
     -4.664668513611061     -0.000000605671811     -0.000000000000000
 1
       1
     1
     0
 1.300E+00
 0.000E+00
 0.000E+00
 0.000E+00
     -2.332334388644298     -4.039721721843448     -0.000000000000000
 1
       1
     1
     0
 1.300E+00
 0.000E+00
 0.000E+00
 0.000E+00
      2.332335303586224     -4.039717503119912     -0.000000000000000
# LCAO coefficients
        30        30
         1        0.279046486819639   k=         1
         2       -0.008553365830402   k=         1
         3        0.000000015179783   k=         1
         4        0.000000000000000   k=         1
         5        0.279046469530126   k=         1
         6       -0.004276668578260   k=         1
         7       -0.007407443875685   k=         1
         8       -0.000000000000000   k=         1
         9        0.279046499416825   k=         1
        10        0.004276668952184   k=         1
        11       -0.007407395868470   k=         1
        12        0.000000000000000   k=         1
        13        0.279046486819640   k=         1
        14        0.008553365830402   k=         1
        15       -0.000000015179782   k=         1
        16       -0.000000000000000   k=         1
        17        0.279046469530125   k=         1
        18        0.004276668578260   k=         1
        19        0.007407443875685   k=         1
        20       -0.000000000000000   k=         1
        21        0.279046499416823   k=         1
        22       -0.004276668952184   k=         1
        23        0.007407395868470   k=         1
        24       -0.000000000000000   k=         1
        25        0.036588949445424   k=         1
        26        0.036588952152815   k=         1
        27        0.036588985970015   k=         1
        28        0.036588949445424   k=         1
        29        0.036588952152815   k=         1
        30        0.036588985970014   k=         1
         1        0.361288512487753   k=         2
         2       -0.030325492612745   k=         2
         3        0.037156813138160   k=         2
         4       -0.000000000000000   k=         2
         5        0.346629621361714   k=         2
         6        0.021894008028461   k=         2
         7       -0.046236564862100   k=         2
         8       -0.000000000000000   k=         2
         9       -0.014658913225962   k=         2
        10        0.068005038000493   k=         2
        11        0.040683549252032   k=         2
        12        0.000000000000000   k=         2
        13       -0.361288512487752   k=         2
        14       -0.030325492612746   k=         2
        15        0.037156813138159   k=         2
        16        0.000000000000000   k=         2
        17       -0.346629621361713   k=         2
        18        0.021894008028461   k=         2
        19       -0.046236564862100   k=         2
        20        0.000000000000000   k=         2
        21        0.014658913225962   k=         2
        22        0.068005038000493   k=         2
        23        0.040683549252031   k=         2
        24       -0.000000000000000   k=         2
        25        0.099145321608758   k=         2
        26        0.095122627436572   k=         2
        27       -0.004022728518807   k=         2
        28       -0.099145321608758   k=         2
        29       -0.095122627436572   k=         2
        30        0.004022728518807   k=         2
         1       -0.191663337815683   k=         3
         2        0.016087653247248   k=         3
         3        0.070041232685930   k=         3
         4       -0.000000000000000   k=         3
         5        0.217053314243268   k=         3
         6       -0.067305788541896   k=         3
         7        0.017821686299123   k=         3
         8       -0.000000000000000   k=         3
         9        0.408716774661404   k=         3
        10        0.019614355867717   k=         3
        11       -0.028289316321948   k=         3
        12        0.000000000000000   k=         3
        13        0.191663337815681   k=         3
        14        0.016087653247248   k=         3
        15        0.070041232685930   k=         3
        16       -0.000000000000000   k=         3
        17       -0.217053314243270   k=         3
        18       -0.067305788541896   k=         3
        19        0.017821686299123   k=         3
        20       -0.000000000000000   k=         3
        21       -0.408716774661404   k=         3
        22        0.019614355867716   k=         3
        23       -0.028289316321948   k=         3
        24        0.000000000000000   k=         3
        25       -0.052596576269750   k=         3
        26        0.059564115828828   k=         3
        27        0.112160819130861   k=         3
        28        0.052596576269749   k=         3
        29       -0.059564115828828   k=         3
        30       -0.112160819130860   k=         3
         1       -0.039031996949492   k=         4
         2       -0.012239510273224   k=         4
         3        0.174989192339323   k=         4
         4        0.000000000000000   k=         4
         5        0.293660920363457   k=         4
         6        0.105632577998367   k=         4
         7        0.045343727173631   k=         4
         8        0.000000000000000   k=         4
         9       -0.254628770250802   k=         4
        10        0.131877750912785   k=         4
        11       -0.016057894744866   k=         4
        12       -0.000000000000000   k=         4
        13       -0.039031996949491   k=         4
        14        0.012239510273224   k=         4
        15       -0.174989192339322   k=         4
        16        0.000000000000000   k=         4
        17        0.293660920363456   k=         4
        18       -0.105632577998368   k=         4
        19       -0.045343727173631   k=         4
        20       -0.000000000000000   k=         4
        21       -0.254628770250803   k=         4
        22       -0.131877750912784   k=         4
        23        0.016057894744866   k=         4
        24       -0.000000000000000   k=         4
        25       -0.027952671854356   k=         4
        26        0.210304365206958   k=         4
        27       -0.182351644561071   k=         4
        28       -0.027952671854357   k=         4
        29        0.210304365206959   k=         4
        30       -0.182351644561070   k=         4
         1        0.316555237880693   k=         5
         2        0.099264211824091   k=         5
         3        0.021576576777391   k=         5
         4        0.000000000000000   k=         5
         5       -0.124474853042421   k=         5
         6        0.121068790897535   k=         5
         7       -0.114969621817523   k=         5
         8       -0.000000000000000   k=         5
         9       -0.192080345880568   k=         5
        10       -0.091783046330330   k=         5
        11       -0.122540746721112   k=         5
        12        0.000000000000000   k=         5
        13        0.316555237880693   k=         5
        14       -0.099264211824091   k=         5
        15       -0.021576576777390   k=         5
        16       -0.000000000000000   k=         5
        17       -0.124474853042422   k=         5
        18       -0.121068790897535   k=         5
        19        0.114969621817523   k=         5
        20        0.000000000000000   k=         5
        21       -0.192080345880569   k=         5
        22        0.091783046330329   k=         5
        23        0.122540746721112   k=         5
        24        0.000000000000000   k=         5
        25        0.226700065502387   k=         5
        26       -0.089142193382390   k=         5
        27       -0.137557778882491   k=         5
        28        0.226700065502386   k=         5
        29       -0.089142193382390   k=         5
        30       -0.137557778882491   k=         5
         1       -0.176028062984156   k=         6
         2       -0.156578624643957   k=         6
         3        0.000000083840747   k=         6
         4        0.000000000000000   k=         6
         5        0.176027998107598   k=         6
         6        0.078289257072726   k=         6
         7        0.135601158751783   k=         6
         8        0.000000000000000   k=         6
         9       -0.176027928149591   k=         6
        10        0.078289204488888   k=         6
        11       -0.135600853056281   k=         6
        12        0.000000000000000   k=         6
        13        0.176028062984155   k=         6
        14       -0.156578624643957   k=         6
        15        0.000000083840747   k=         6
        16        0.000000000000000   k=         6
        17       -0.176027998107599   k=         6
        18        0.078289257072725   k=         6
        19        0.135601158751782   k=         6
        20       -0.000000000000000   k=         6
        21        0.176027928149592   k=         6
        22        0.078289204488888   k=         6
        23       -0.135600853056282   k=         6
        24        0.000000000000000   k=         6
        25       -0.249555160792163   k=         6
        26        0.249555139543451   k=         6
        27       -0.249554933570216   k=         6
        28        0.249555160792163   k=         6
        29       -0.249555139543450   k=         6
        30        0.249554933570216   k=         6
         1       -0.008642835800134   k=         7
         2        0.221565484307170   k=         7
         3       -0.000000093999543   k=         7
         4        0.000000000000000   k=         7
         5       -0.008642763768952   k=         7
         6        0.110782655327655   k=         7
         7        0.191881503721613   k=         7
         8       -0.000000000000000   k=         7
         9       -0.008642825076240   k=         7
        10       -0.110782965637401   k=         7
        11        0.191881404999058   k=         7
        12       -0.000000000000000   k=         7
        13       -0.008642835800134   k=         7
        14       -0.221565484307168   k=         7
        15        0.000000093999542   k=         7
        16       -0.000000000000000   k=         7
        17       -0.008642763768951   k=         7
        18       -0.110782655327655   k=         7
        19       -0.191881503721612   k=         7
        20       -0.000000000000000   k=         7
        21       -0.008642825076240   k=         7
        22        0.110782965637401   k=         7
        23       -0.191881404999057   k=         7
        24       -0.000000000000000   k=         7
        25        0.188695264924960   k=         7
        26        0.188695425180638   k=         7
        27        0.188695470889988   k=         7
        28        0.188695264924958   k=         7
        29        0.188695425180638   k=         7
        30        0.188695470889987   k=         7
         1       -0.060050225595422   k=         8
         2        0.303318537222607   k=         8
         3       -0.065472467162779   k=         8
         4        0.000000000000000   k=         8
         5       -0.066199655318159   k=         8
         6        0.124947278494713   k=         8
         7        0.313970269759139   k=         8
         8        0.000000000000001   k=         8
         9       -0.006149425400353   k=         8
        10       -0.114475464885790   k=         8
        11       -0.030225856035722   k=         8
        12        0.000000000000001   k=         8
        13        0.060050225595421   k=         8
        14        0.303318537222607   k=         8
        15       -0.065472467162780   k=         8
        16        0.000000000000001   k=         8
        17        0.066199655318159   k=         8
        18        0.124947278494715   k=         8
        19        0.313970269759140   k=         8
        20        0.000000000000000   k=         8
        21        0.006149425400353   k=         8
        22       -0.114475464885792   k=         8
        23       -0.030225856035722   k=         8
        24        0.000000000000000   k=         8
        25        0.224669390907714   k=         8
        26        0.247676670395498   k=         8
        27        0.023007411065371   k=         8
        28       -0.224669390907714   k=         8
        29       -0.247676670395499   k=         8
        30       -0.023007411065372   k=         8
         1        0.041770958881329   k=         9
         2       -0.210987632985779   k=         9
         3       -0.094124681180927   k=         9
         4        0.000000000000000   k=         9
         5       -0.031119768565181   k=         9
         6        0.168456210314482   k=         9
         7        0.084246491540912   k=         9
         8       -0.000000000000000   k=         9
         9       -0.072890650275282   k=         9
        10       -0.175740762909978   k=         9
        11        0.323668663321630   k=         9
        12       -0.000000000000000   k=         9
        13       -0.041770958881329   k=         9
        14       -0.210987632985778   k=         9
        15       -0.094124681180926   k=         9
        16       -0.000000000000000   k=         9
        17        0.031119768565181   k=         9
        18        0.168456210314482   k=         9
        19        0.084246491540911   k=         9
        20       -0.000000000000000   k=         9
        21        0.072890650275281   k=         9
        22       -0.175740762909978   k=         9
        23        0.323668663321631   k=         9
        24        0.000000000000000   k=         9
        25       -0.156279296606830   k=         9
        26        0.116429442193972   k=         9
        27        0.272709214369581   k=         9
        28        0.156279296606830   k=         9
        29       -0.116429442193970   k=         9
        30       -0.272709214369582   k=         9
         1       -0.000000184897007   k=        10
         2        0.000000239408289   k=        10
         3       -0.331789810514711   k=        10
         4        0.000000000000002   k=        10
         5       -0.000000070819617   k=        10
         6       -0.287337916747652   k=        10
         7        0.165895459862248   k=        10
         8        0.000000000000000   k=        10
         9       -0.000000106587686   k=        10
        10        0.287337636870526   k=        10
        11        0.165895195430822   k=        10
        12        0.000000000000001   k=        10
        13        0.000000184897007   k=        10
        14        0.000000239408287   k=        10
        15       -0.331789810514712   k=        10
        16        0.000000000000002   k=        10
        17        0.000000070819617   k=        10
        18       -0.287337916747650   k=        10
        19        0.165895459862249   k=        10
        20        0.000000000000002   k=        10
        21        0.000000106587685   k=        10
        22        0.287337636870522   k=        10
        23        0.165895195430821   k=        10
        24        0.000000000000003   k=        10
        25        0.000000250996355   k=        10
        26        0.000000602990591   k=        10
        27        0.000000226949806   k=        10
        28       -0.000000250996353   k=        10
        29       -0.000000602990593   k=        10
        30       -0.000000226949807   k=        10
         1       -0.000000000000000   k=        11
         2        0.000000000000000   k=        11
         3        0.000000000000002   k=        11
         4        0.326606423800545   k=        11
         5        0.000000000000000   k=        11
         6        0.000000000000001   k=        11
         7       -0.000000000000001   k=        11
         8        0.326606402256596   k=        11
         9        0.000000000000000   k=        11
        10       -0.000000000000001   k=        11
        11       -0.000000000000000   k=        11
        12        0.326606415058435   k=        11
        13       -0.000000000000000   k=        11
        14       -0.000000000000001   k=        11
        15        0.000000000000002   k=        11
        16        0.326606423800546   k=        11
        17        0.000000000000000   k=        11
        18        0.000000000000002   k=        11
        19       -0.000000000000001   k=        11
        20        0.326606402256596   k=        11
        21        0.000000000000000   k=        11
        22       -0.000000000000002   k=        11
        23       -0.000000000000001   k=        11
        24        0.326606415058434   k=        11
        25        0.000000000000000   k=        11
        26       -0.000000000000001   k=        11
        27       -0.000000000000000   k=        11
        28        0.000000000000001   k=        11
        29        0.000000000000000   k=        11
        30       -0.000000000000000   k=        11
         1       -0.049603011223990   k=        12
         2        0.238086642400394   k=        12
         3        0.114277774322174   k=        12
         4       -0.000000000000001   k=        12
         5        0.038826933436381   k=        12
         6       -0.306209468651876   k=        12
         7       -0.038402891230495   k=        12
         8       -0.000000000000000   k=        12
         9        0.010776175234109   k=        12
        10        0.337857650516570   k=        12
        11        0.135336750702489   k=        12
        12        0.000000000000000   k=        12
        13       -0.049603011223990   k=        12
        14       -0.238086642400397   k=        12
        15       -0.114277774322171   k=        12
        16       -0.000000000000001   k=        12
        17        0.038826933436381   k=        12
        18        0.306209468651879   k=        12
        19        0.038402891230491   k=        12
        20       -0.000000000000001   k=        12
        21        0.010776175234109   k=        12
        22       -0.337857650516572   k=        12
        23       -0.135336750702490   k=        12
        24       -0.000000000000002   k=        12
        25        0.268010186232858   k=        12
        26       -0.209785181618387   k=        12
        27       -0.058224900427264   k=        12
        28        0.268010186232859   k=        12
        29       -0.209785181618386   k=        12
        30       -0.058224900427265   k=        12
         1       -0.016195109408307   k=        13
         2        0.077733495686892   k=        13
         3       -0.350016187512776   k=        13
         4       -0.000000000000000   k=        13
         5       -0.034859931652968   k=        13
         6       -0.153608842599559   k=        13
         7        0.281893048514233   k=        13
         8       -0.000000000000000   k=        13
         9        0.051055099941073   k=        13
        10        0.056675047425640   k=        13
        11       -0.250244862233500   k=        13
        12       -0.000000000000000   k=        13
        13       -0.016195109408307   k=        13
        14       -0.077733495686891   k=        13
        15        0.350016187512775   k=        13
        16        0.000000000000000   k=        13
        17       -0.034859931652969   k=        13
        18        0.153608842599558   k=        13
        19       -0.281893048514233   k=        13
        20        0.000000000000000   k=        13
        21        0.051055099941073   k=        13
        22       -0.056675047425639   k=        13
        23        0.250244862233500   k=        13
        24        0.000000000000000   k=        13
        25        0.087503528095623   k=        13
        26        0.188351925118890   k=        13
        27       -0.275855214921057   k=        13
        28        0.087503528095622   k=        13
        29        0.188351925118889   k=        13
        30       -0.275855214921057   k=        13
         1        0.000000000000000   k=        14
         2        0.000000000000000   k=        14
         3       -0.000000000000001   k=        14
         4        0.467036534842021   k=        14
         5        0.000000000000000   k=        14
         6       -0.000000000000001   k=        14
         7        0.000000000000000   k=        14
         8        0.447683054176323   k=        14
         9        0.000000000000000   k=        14
        10        0.000000000000001   k=        14
        11       -0.000000000000000   k=        14
        12       -0.019353506701972   k=        14
        13       -0.000000000000000   k=        14
        14       -0.000000000000000   k=        14
        15       -0.000000000000000   k=        14
        16       -0.467036534842020   k=        14
        17       -0.000000000000000   k=        14
        18       -0.000000000000000   k=        14
        19       -0.000000000000000   k=        14
        20       -0.447683054176323   k=        14
        21       -0.000000000000000   k=        14
        22        0.000000000000000   k=        14
        23        0.000000000000000   k=        14
        24        0.019353506701972   k=        14
        25        0.000000000000000   k=        14
        26       -0.000000000000000   k=        14
        27       -0.000000000000000   k=        14
        28        0.000000000000000   k=        14
        29        0.000000000000000   k=        14
        30       -0.000000000000000   k=        14
         1       -0.000000000000000   k=        15
         2        0.000000000000001   k=        15
         3        0.000000000000001   k=        15
         4        0.247296177087251   k=        15
         5       -0.000000000000000   k=        15
         6        0.000000000000000   k=        15
         7       -0.000000000000000   k=        15
         8       -0.280817417666780   k=        15
         9        0.000000000000000   k=        15
        10       -0.000000000000000   k=        15
        11       -0.000000000000000   k=        15
        12       -0.528113712294403   k=        15
        13       -0.000000000000000   k=        15
        14       -0.000000000000000   k=        15
        15        0.000000000000000   k=        15
        16       -0.247296177087251   k=        15
        17        0.000000000000000   k=        15
        18        0.000000000000001   k=        15
        19       -0.000000000000000   k=        15
        20        0.280817417666781   k=        15
        21       -0.000000000000000   k=        15
        22       -0.000000000000001   k=        15
        23       -0.000000000000001   k=        15
        24        0.528113712294403   k=        15
        25        0.000000000000001   k=        15
        26       -0.000000000000000   k=        15
        27        0.000000000000000   k=        15
        28        0.000000000000000   k=        15
        29       -0.000000000000000   k=        15
        30        0.000000000000000   k=        15
         1       -0.000000000000000   k=        16
         2       -0.000000000000000   k=        16
         3       -0.000000000000000   k=        16
         4        0.129958918915795   k=        16
         5       -0.000000000000000   k=        16
         6        0.000000000000000   k=        16
         7        0.000000000000000   k=        16
         8        0.505036305020928   k=        16
         9        0.000000000000000   k=        16
        10        0.000000000000000   k=        16
        11        0.000000000000000   k=        16
        12       -0.634995168347873   k=        16
        13        0.000000000000000   k=        16
        14       -0.000000000000000   k=        16
        15       -0.000000000000000   k=        16
        16        0.129958918915794   k=        16
        17       -0.000000000000000   k=        16
        18       -0.000000000000000   k=        16
        19        0.000000000000000   k=        16
        20        0.505036305020928   k=        16
        21        0.000000000000000   k=        16
        22        0.000000000000000   k=        16
        23        0.000000000000000   k=        16
        24       -0.634995168347873   k=        16
        25        0.000000000000000   k=        16
        26        0.000000000000000   k=        16
        27       -0.000000000000000   k=        16
        28        0.000000000000000   k=        16
        29       -0.000000000000000   k=        16
        30       -0.000000000000000   k=        16
         1        0.000000000000000   k=        17
         2        0.000000000000000   k=        17
         3       -0.000000000000000   k=        17
         4       -0.658197492506015   k=        17
         5       -0.000000000000000   k=        17
         6        0.000000000000000   k=        17
         7        0.000000000000000   k=        17
         8        0.441646463990751   k=        17
         9        0.000000000000000   k=        17
        10        0.000000000000000   k=        17
        11        0.000000000000000   k=        17
        12        0.216551049209597   k=        17
        13        0.000000000000000   k=        17
        14        0.000000000000000   k=        17
        15       -0.000000000000000   k=        17
        16       -0.658197492506015   k=        17
        17        0.000000000000000   k=        17
        18       -0.000000000000000   k=        17
        19       -0.000000000000000   k=        17
        20        0.441646463990751   k=        17
        21        0.000000000000000   k=        17
        22        0.000000000000000   k=        17
        23        0.000000000000000   k=        17
        24        0.216551049209596   k=        17
        25       -0.000000000000000   k=        17
        26       -0.000000000000000   k=        17
        27        0.000000000000000   k=        17
        28       -0.000000000000000   k=        17
        29       -0.000000000000000   k=        17
        30        0.000000000000000   k=        17
         1       -0.000000000000000   k=        18
         2        0.000000000000000   k=        18
         3        0.000000000000000   k=        18
         4       -0.541040574675634   k=        18
         5        0.000000000000000   k=        18
         6        0.000000000000000   k=        18
         7       -0.000000000000000   k=        18
         8        0.541040550592852   k=        18
         9        0.000000000000000   k=        18
        10        0.000000000000000   k=        18
        11       -0.000000000000000   k=        18
        12       -0.541040449811220   k=        18
        13       -0.000000000000000   k=        18
        14       -0.000000000000000   k=        18
        15        0.000000000000000   k=        18
        16        0.541040574675634   k=        18
        17        0.000000000000000   k=        18
        18        0.000000000000000   k=        18
        19       -0.000000000000000   k=        18
        20       -0.541040550592850   k=        18
        21       -0.000000000000000   k=        18
        22       -0.000000000000000   k=        18
        23       -0.000000000000000   k=        18
        24        0.541040449811219   k=        18
        25        0.000000000000000   k=        18
        26       -0.000000000000000   k=        18
        27        0.000000000000000   k=        18
        28       -0.000000000000000   k=        18
        29        0.000000000000000   k=        18
        30       -0.000000000000000   k=        18
         1       -0.000895341965604   k=        19
         2        0.030117116752783   k=        19
         3        0.575952921491155   k=        19
         4        0.000000000000000   k=        19
         5       -0.014126668058457   k=        19
         6        0.012673435890290   k=        19
         7        0.541355359863436   k=        19
         8        0.000000000000000   k=        19
         9       -0.013232368302358   k=        19
        10        0.051357039845267   k=        19
        11        0.543548163052748   k=        19
        12       -0.000000000000000   k=        19
        13        0.000895341965604   k=        19
        14        0.030117116752783   k=        19
        15        0.575952921491156   k=        19
        16        0.000000000000000   k=        19
        17        0.014126668058459   k=        19
        18        0.012673435890290   k=        19
        19        0.541355359863436   k=        19
        20       -0.000000000000000   k=        19
        21        0.013232368302358   k=        19
        22        0.051357039845267   k=        19
        23        0.543548163052748   k=        19
        24       -0.000000000000000   k=        19
        25       -0.031708913720409   k=        19
        26       -0.500282165367395   k=        19
        27       -0.468573061084883   k=        19
        28        0.031708913720408   k=        19
        29        0.500282165367393   k=        19
        30        0.468573061084882   k=        19
         1       -0.015795164367589   k=        20
         2        0.531285083862370   k=        20
         3       -0.032649025348984   k=        20
         4        0.000000000000000   k=        20
         5       -0.007122652208497   k=        20
         6        0.565882074439316   k=        20
         7       -0.050091354595909   k=        20
         8       -0.000000000000000   k=        20
         9        0.008673588793450   k=        20
        10        0.563689454276037   k=        20
        11       -0.011407479139434   k=        20
        12        0.000000000000000   k=        20
        13        0.015795164367588   k=        20
        14        0.531285083862373   k=        20
        15       -0.032649025348984   k=        20
        16       -0.000000000000000   k=        20
        17        0.007122652208496   k=        20
        18        0.565882074439316   k=        20
        19       -0.050091354595908   k=        20
        20       -0.000000000000000   k=        20
        21       -0.008673588793451   k=        20
        22        0.563689454276037   k=        20
        23       -0.011407479139435   k=        20
        24       -0.000000000000000   k=        20
        25       -0.559369371875185   k=        20
        26       -0.252223599658864   k=        20
        27        0.307144802840595   k=        20
        28        0.559369371875187   k=        20
        29        0.252223599658866   k=        20
        30       -0.307144802840595   k=        20
         1       -0.322367093498974   k=        21
         2       -0.333058740280162   k=        21
         3       -0.000002969998291   k=        21
         4        0.000000000000000   k=        21
         5       -0.322366428199100   k=        21
         6       -0.166526415702993   k=        21
         7       -0.288442064489809   k=        21
         8       -0.000000000000000   k=        21
         9       -0.322365116599566   k=        21
        10        0.166535262133554   k=        21
        11       -0.288440114674859   k=        21
        12        0.000000000000000   k=        21
        13       -0.322367093498975   k=        21
        14        0.333058740280165   k=        21
        15        0.000002969998292   k=        21
        16       -0.000000000000000   k=        21
        17       -0.322366428199098   k=        21
        18        0.166526415702990   k=        21
        19        0.288442064489807   k=        21
        20        0.000000000000000   k=        21
        21       -0.322365116599569   k=        21
        22       -0.166535262133557   k=        21
        23        0.288440114674864   k=        21
        24       -0.000000000000000   k=        21
        25        0.523532822838666   k=        21
        26        0.523534524268034   k=        21
        27        0.523536183397023   k=        21
        28        0.523532822838669   k=        21
        29        0.523534524268030   k=        21
        30        0.523536183397029   k=        21
         1        0.051311653387486   k=        22
         2       -0.829780211468905   k=        22
         3       -0.042717549994009   k=        22
         4       -0.000000000000000   k=        22
         5       -0.013124467676583   k=        22
         6       -0.025988276967596   k=        22
         7        0.260068746592287   k=        22
         8        0.000000000000000   k=        22
         9       -0.038190457592037   k=        22
        10       -0.213664157117470   k=        22
        11        0.589720011616336   k=        22
        12       -0.000000000000000   k=        22
        13        0.051311653387484   k=        22
        14        0.829780211468906   k=        22
        15        0.042717549994009   k=        22
        16       -0.000000000000000   k=        22
        17       -0.013124467676584   k=        22
        18        0.025988276967593   k=        22
        19       -0.260068746592287   k=        22
        20        0.000000000000000   k=        22
        21       -0.038190457592036   k=        22
        22        0.213664157117467   k=        22
        23       -0.589720011616336   k=        22
        24        0.000000000000000   k=        22
        25        0.623928206207075   k=        22
        26       -0.159580906397381   k=        22
        27       -0.464342027124182   k=        22
        28        0.623928206207076   k=        22
        29       -0.159580906397383   k=        22
        30       -0.464342027124181   k=        22
         1       -0.014470566206042   k=        23
         2        0.234006599875609   k=        23
         3       -0.151483634392624   k=        23
         4        0.000000000000000   k=        23
         5        0.051672979482711   k=        23
         6       -0.451351831733135   k=        23
         7       -0.704295467727812   k=        23
         8       -0.000000000000000   k=        23
         9       -0.037203329717180   k=        23
        10       -0.398424795267770   k=        23
        11        0.464643894113869   k=        23
        12       -0.000000000000000   k=        23
        13       -0.014470566206041   k=        23
        14       -0.234006599875610   k=        23
        15        0.151483634392626   k=        23
        16        0.000000000000000   k=        23
        17        0.051672979482713   k=        23
        18        0.451351831733135   k=        23
        19        0.704295467727812   k=        23
        20        0.000000000000000   k=        23
        21       -0.037203329717179   k=        23
        22        0.398424795267773   k=        23
        23       -0.464643894113869   k=        23
        24       -0.000000000000000   k=        23
        25       -0.175954125206469   k=        23
        26        0.628313967607344   k=        23
        27       -0.452358514168186   k=        23
        28       -0.175954125206470   k=        23
        29        0.628313967607344   k=        23
        30       -0.452358514168188   k=        23
         1       -0.000001335680905   k=        24
         2        0.000001343172610   k=        24
         3        0.817124944013881   k=        24
         4        0.000000000000000   k=        24
         5       -0.000000895858637   k=        24
         6       -0.707658478542118   k=        24
         7        0.408554045512596   k=        24
         8        0.000000000000000   k=        24
         9       -0.000002381580784   k=        24
        10       -0.707655557057702   k=        24
        11       -0.408560534657193   k=        24
        12       -0.000000000000000   k=        24
        13       -0.000001335680904   k=        24
        14       -0.000001343172613   k=        24
        15       -0.817124944013881   k=        24
        16        0.000000000000000   k=        24
        17       -0.000000895858639   k=        24
        18        0.707658478542119   k=        24
        19       -0.408554045512594   k=        24
        20       -0.000000000000000   k=        24
        21       -0.000002381580784   k=        24
        22        0.707655557057702   k=        24
        23        0.408560534657193   k=        24
        24        0.000000000000000   k=        24
        25        0.000000200042919   k=        24
        26        0.000009183028962   k=        24
        27       -0.000001817474772   k=        24
        28        0.000000200042917   k=        24
        29        0.000009183028965   k=        24
        30       -0.000001817474772   k=        24
         1       -0.175286417617183   k=        25
         2       -0.587109123970316   k=        25
         3       -0.000000805547342   k=        25
         4       -0.000000000000000   k=        25
         5        0.175287450367922   k=        25
         6        0.293555496563680   k=        25
         7        0.508451997706043   k=        25
         8        0.000000000000000   k=        25
         9       -0.175285878090826   k=        25
        10        0.293554845202751   k=        25
        11       -0.508451766357609   k=        25
        12        0.000000000000000   k=        25
        13        0.175286417617181   k=        25
        14       -0.587109123970310   k=        25
        15       -0.000000805547339   k=        25
        16       -0.000000000000000   k=        25
        17       -0.175287450367925   k=        25
        18        0.293555496563679   k=        25
        19        0.508451997706045   k=        25
        20        0.000000000000000   k=        25
        21        0.175285878090823   k=        25
        22        0.293554845202747   k=        25
        23       -0.508451766357608   k=        25
        24        0.000000000000000   k=        25
        25        0.534040004305658   k=        25
        26       -0.534041343510624   k=        25
        27        0.534040298870411   k=        25
        28       -0.534040004305651   k=        25
        29        0.534041343510626   k=        25
        30       -0.534040298870407   k=        25
         1       -0.730449912150376   k=        26
         2       -0.244896512170049   k=        26
         3       -0.045643869925749   k=        26
         4       -0.000000000000000   k=        26
         5       -0.326696400628108   k=        26
         6        0.527059794263340   k=        26
         7       -0.430771800958168   k=        26
         8        0.000000000000000   k=        26
         9        0.403754339091395   k=        26
        10        0.474612545032105   k=        26
        11        0.430325154123180   k=        26
        12       -0.000000000000000   k=        26
        13        0.730449912150379   k=        26
        14       -0.244896512170047   k=        26
        15       -0.045643869925749   k=        26
        16        0.000000000000000   k=        26
        17        0.326696400628104   k=        26
        18        0.527059794263339   k=        26
        19       -0.430771800958169   k=        26
        20       -0.000000000000000   k=        26
        21       -0.403754339091394   k=        26
        22        0.474612545032101   k=        26
        23        0.430325154123177   k=        26
        24        0.000000000000000   k=        26
        25        0.502224174804646   k=        26
        26        0.224620799955042   k=        26
        27       -0.277603204231487   k=        26
        28       -0.502224174804646   k=        26
        29       -0.224620799955041   k=        26
        30        0.277603204231485   k=        26
         1       -0.044489788800054   k=        27
         2       -0.014916661903977   k=        27
         3        0.749413316696387   k=        27
         4       -0.000000000000000   k=        27
         5       -0.654832981056928   k=        27
         6       -0.400044113792188   k=        27
         7       -0.022541832490624   k=        27
         8        0.000000000000000   k=        27
         9       -0.610344165880215   k=        27
        10        0.461053820891043   k=        27
        11        0.029903749351900   k=        27
        12       -0.000000000000000   k=        27
        13        0.044489788800053   k=        27
        14       -0.014916661903976   k=        27
        15        0.749413316696387   k=        27
        16        0.000000000000000   k=        27
        17        0.654832981056931   k=        27
        18       -0.400044113792188   k=        27
        19       -0.022541832490627   k=        27
        20        0.000000000000000   k=        27
        21        0.610344165880212   k=        27
        22        0.461053820891044   k=        27
        23        0.029903749351903   k=        27
        24        0.000000000000000   k=        27
        25        0.030589769774102   k=        27
        26        0.450232814827907   k=        27
        27        0.419645594829845   k=        27
        28       -0.030589769774102   k=        27
        29       -0.450232814827910   k=        27
        30       -0.419645594829841   k=        27
         1        0.346679071998890   k=        28
         2       -0.049997555149308   k=        28
         3       -0.437207997161948   k=        28
         4        0.000000000000000   k=        28
         5        0.679438198879525   k=        28
         6       -0.353754453748355   k=        28
         7        0.091091745057721   k=        28
         8       -0.000000000000000   k=        28
         9       -1.026118588961504   k=        28
        10       -0.147864550668356   k=        28
        11        0.085508574897311   k=        28
        12       -0.000000000000000   k=        28
        13        0.346679071998892   k=        28
        14        0.049997555149309   k=        28
        15        0.437207997161944   k=        28
        16       -0.000000000000000   k=        28
        17        0.679438198879523   k=        28
        18        0.353754453748356   k=        28
        19       -0.091091745057724   k=        28
        20        0.000000000000000   k=        28
        21       -1.026118588961505   k=        28
        22        0.147864550668355   k=        28
        23       -0.085508574897309   k=        28
        24       -0.000000000000000   k=        28
        25       -0.124754256614823   k=        28
        26       -0.244497905040242   k=        28
        27        0.369254066748005   k=        28
        28       -0.124754256614823   k=        28
        29       -0.244497905040243   k=        28
        30        0.369254066748006   k=        28
         1        0.984703847698133   k=        29
         2       -0.142014811825872   k=        29
         3        0.153925210037899   k=        29
         4        0.000000000000000   k=        29
         5       -0.792585696844453   k=        29
         6       -0.204100592591396   k=        29
         7        0.249827877109832   k=        29
         8        0.000000000000000   k=        29
         9       -0.192118777350351   k=        29
        10        0.380704321792643   k=        29
        11        0.251793283150104   k=        29
        12        0.000000000000000   k=        29
        13        0.984703847698135   k=        29
        14        0.142014811825876   k=        29
        15       -0.153925210037897   k=        29
        16       -0.000000000000000   k=        29
        17       -0.792585696844458   k=        29
        18        0.204100592591392   k=        29
        19       -0.249827877109832   k=        29
        20        0.000000000000000   k=        29
        21       -0.192118777350343   k=        29
        22       -0.380704321792645   k=        29
        23       -0.251793283150103   k=        29
        24       -0.000000000000000   k=        29
        25       -0.354348714023791   k=        29
        26        0.285214739924177   k=        29
        27        0.069135031250106   k=        29
        28       -0.354348714023789   k=        29
        29        0.285214739924178   k=        29
        30        0.069135031250104   k=        29
         1        0.831061246119396   k=        30
         2       -0.451064026402063   k=        30
         3        0.000000651182733   k=        30
         4        0.000000000000000   k=        30
         5       -0.831060807792849   k=        30
         6        0.225530968431877   k=        30
         7        0.390633709587467   k=        30
         8        0.000000000000000   k=        30
         9        0.831060548711030   k=        30
        10        0.225531426082776   k=        30
        11       -0.390631946916151   k=        30
        12        0.000000000000000   k=        30
        13       -0.831061246119388   k=        30
        14       -0.451064026402062   k=        30
        15        0.000000651182732   k=        30
        16        0.000000000000000   k=        30
        17        0.831060807792845   k=        30
        18        0.225530968431879   k=        30
        19        0.390633709587463   k=        30
        20        0.000000000000000   k=        30
        21       -0.831060548711033   k=        30
        22        0.225531426082774   k=        30
        23       -0.390631946916152   k=        30
        24        0.000000000000000   k=        30
        25       -0.091892933701563   k=        30
        26        0.091892680429801   k=        30
        27       -0.091893412084364   k=        30
        28        0.091892933701561   k=        30
        29       -0.091892680429801   k=        30
        30        0.091893412084366   k=        30
