         1      -30.5525057848        6.2177190843        1.0000000000
         2      -27.7000434216        4.9837486614        1.0000000000
         3      -27.7000402360        4.9815689660        1.0000000000
         4      -22.2703384954       10.6446373535        1.0000000000
         5      -22.2703369126       11.0471212714        1.0000000000
         6      -19.5111898471       15.7357458825        1.0000000000
         7      -17.6695769113       14.0208506924        1.0000000000
         8      -16.3496229760        9.5301899069        1.0000000000
         9      -16.3496183354       11.2267850853        1.0000000000
        10      -15.3487750084        8.0000090529        1.0000000000
        11      -15.1748959367        6.0000000000        1.0000000000
        12      -14.5071224356       10.8417069283        1.0000000000
        13      -14.5071172405       10.7411483841        1.0000000000
        14      -13.3255062476        4.0000000192        0.9999999992
        15      -13.3255039398        3.9999992140        0.9999999992
        16       -7.6151357634        4.0000001626        0.0000000008
        17       -7.6151343682        4.0000000914        0.0000000008
        18       -2.8139539874        6.0000000000        0.0000000000
        19        6.9583229475        9.8787930572        0.0000000000
        20        6.9583356400        9.8797183249        0.0000000000
        21       17.6254658134       15.0743117757        0.0000000000
        22       18.2255445072        7.9771799492        0.0000000000
        23       18.2255561902       11.3694048927        0.0000000000
        24       19.8042903885        7.9999549041        0.0000000000
        25       25.0601697880       15.2777608689        0.0000000000
        26       41.0150611883       15.0918694702        0.0000000000
        27       41.0151036604       11.4978958190        0.0000000000
        28       51.1795432126        6.8752584755        0.0000000000
        29       51.1796097187        6.9800175967        0.0000000000
        30       69.3173104576        9.6190362637        0.0000000000
