%%MatrixMarket matrix coordinate real symmetric
% step_count=        28
                   30                   30                  303
         1         1        1.00000000000000000000
         2         2        1.00000000000000000000
         3         3        1.00000000000000000000
         4         4        1.00000000000000000000
         5         1        0.36711663484126833001
         6         1        0.20496368673709275399
         7         1       -0.35500726954727068740
         5         2       -0.20496368673709275399
         6         2        0.09789540605750983449
         7         2        0.24788159312177313054
         5         3        0.35500726954727068740
         6         3        0.24788159312177313054
         7         3       -0.18833320050787799582
         8         4        0.24101001119022941177
         9         1        0.06673308306658834455
        10         1        0.08762688672553928249
        11         1       -0.05059131598442587197
         9         2       -0.08762688672553928249
        10         2       -0.09492838190574443002
        11         2        0.07382884254131091839
         9         3        0.05059131598442587197
        10         3        0.07382884254131091839
        11         3       -0.00967787215504218104
        12         4        0.03294715358016143264
        13         1        0.03160245999785714355
        14         1        0.05139104199160314523
        15         1        0.00000003386474421115
        13         2       -0.05139104199160314523
        14         2       -0.07625802568852771413
        15         2       -0.00000005981360779876
        13         3       -0.00000003386474421115
        14         3       -0.00000005981360779876
        15         3        0.01451140729132061047
        16         4        0.01451140729136002512
        17         1        0.06673286733444526442
        18         1        0.08762657084885840109
        19         1        0.05059127837677380307
        17         2       -0.08762657084885840109
        18         2       -0.09492797664914562339
        19         2       -0.07382875150461951086
        17         3       -0.05059127837677380307
        18         3       -0.07382875150461951086
        19         3       -0.00967805989446288151
        20         4        0.03294703524959209651
        21         1        0.36711654008660687953
        22         1        0.20496361063043233575
        23         1        0.35500723270415390775
        21         2       -0.20496361063043233575
        22         2        0.09789540230637348850
        23         2       -0.24788153045913097205
        21         3       -0.35500723270415390775
        22         3       -0.24788153045913097205
        23         3       -0.18833328505588334267
        24         4        0.24100993297240316804
        25         1        0.49507422850372473366
        25         2        0.50135329918467319565
        25         3       -0.00000028715759041220
        26         1        0.09565877174477264988
        26         2       -0.01092313985419338281
        26         3        0.13432404441390854988
        27         1        0.00839475627658488668
        27         2       -0.01090033257784912141
        27         3        0.00881888333928338743
        28         1        0.00306769093728239371
        28         2       -0.00536090867622414802
        28         3       -0.00000000172639635198
        29         1        0.00839471810310772615
        29         2       -0.01090027642805316277
        29         3       -0.00881885639245723676
        30         1        0.09565884197625540430
        30         2       -0.01092311872540895241
        30         3       -0.13432413502938855832
         5         5        1.00000000000000000000
         6         6        1.00000000000000000000
         7         7        1.00000000000000000000
         8         8        1.00000000000000000000
         9         5        0.36711650784120936075
        10         5        0.40992706355614783043
        11         5        0.00000046800200041778
         9         6       -0.40992706355614783043
        10         6       -0.33144781915187021548
        11         6       -0.00000065355860715190
         9         7       -0.00000046800200041778
        10         7       -0.00000065355860715190
        11         7        0.24100990635381358551
        12         8        0.24100990635455973865
        13         5        0.06673286733444526442
        14         5        0.08762657084885841496
        15         5        0.05059127837677380307
        13         6       -0.08762657084885841496
        14         6       -0.09492797664914565114
        15         6       -0.07382875150461952474
        13         7       -0.05059127837677380307
        14         7       -0.07382875150461952474
        15         7       -0.00967805989446288151
        16         8        0.03294703524959209651
        17         5        0.03160243495264341423
        18         5        0.02569549396457458321
        19         5        0.04450592038858709742
        17         6       -0.02569549396457458321
        18         6       -0.00818093319984322838
        19         6       -0.03930428212563367302
        17         7       -0.04450592038858709742
        18         7       -0.03930428212563367302
        19         7       -0.05356564832645522439
        20         8        0.01451139481681637013
        21         5        0.06673305940455767638
        22         5       -0.00000000186987695775
        23         5        0.10118273588422885267
        21         6        0.00000000186987695775
        22         6        0.03294714060137143852
        23         6        0.00000000315088314993
        21         7       -0.10118273588422885267
        22         7        0.00000000315088314993
        23         7       -0.13755337080436413899
        24         8        0.03294714060137150097
        25         5        0.09565862351808940289
        25         6        0.11086631409029978901
        25         7       -0.07662162806819182437
        26         5        0.49507424383017140102
        26         6        0.25067675568530711772
        26         7        0.43418464202232637250
        27         5        0.09565874799810716866
        27         6       -0.12178964054329417810
        27         7        0.05770216004022684503
        28         5        0.00839472914628567116
        28         6       -0.01308750614026418270
        28         7       -0.00503049986773362098
        29         5        0.00306768856928603742
        29         6       -0.00268045201767341161
        29         7       -0.00464267985802441652
        30         5        0.00839475957890398541
        30         6        0.00218722637460597820
        30         7       -0.01384940942627344018
         9         9        1.00000000000000000000
        10        10        1.00000000000000000000
        11        11        1.00000000000000000000
        12        12        1.00000000000000000000
        13         9        0.36711654008660687953
        14         9        0.20496361063043239126
        15         9        0.35500723270415379673
        13        10       -0.20496361063043239126
        14        10        0.09789540230637341911
        15        10       -0.24788153045913097205
        13        11       -0.35500723270415379673
        14        11       -0.24788153045913097205
        15        11       -0.18833328505588306512
        16        12        0.24100993297240316804
        17         9        0.06673305940455767638
        18         9       -0.00000000186987695199
        19         9        0.10118273588422885267
        17        10        0.00000000186987695199
        18        10        0.03294714060137143852
        19        10        0.00000000315088314023
        17        11       -0.10118273588422885267
        18        11        0.00000000315088314023
        19        11       -0.13755337080436413899
        20        12        0.03294714060137150097
        21         9        0.03160261221834297779
        22         9       -0.02569565272573443374
        23         9        0.04450613384995547733
        21        10        0.02569565272573443374
        22        10       -0.00818100134673579137
        23        10        0.03930449875616832262
        21        11       -0.04450613384995547733
        22        11        0.03930449875616832262
        23        11       -0.05356584114524962081
        24        12        0.01451148310950669054
        25         9        0.00839474244509892144
        25        10        0.01308752897722179238
        25        11       -0.00503049929813371380
        26         9        0.09565853677998305271
        26        10        0.12178930131042647877
        26        11        0.05770225367357971480
        27         9        0.49507443151000435355
        27        10       -0.25067709187729525500
        27        11        0.43418456927414766922
        28         9        0.09565872284959640870
        28        10       -0.11086644467258775781
        28        11       -0.07662165954172646398
        29         9        0.00839475027954755294
        29        10       -0.00218722154426195673
        29        11       -0.01384939524323882711
        30         9        0.00306770866110608626
        30        10        0.00268047170277406922
        30        11       -0.00464270737547519113
        13        13        1.00000000000000000000
        14        14        1.00000000000000000000
        15        15        1.00000000000000000000
        16        16        1.00000000000000000000
        17        13        0.36711663484126816348
        18        13       -0.20496368673709267072
        19        13        0.35500726954727046536
        17        14        0.20496368673709267072
        18        14        0.09789540605750973734
        19        14        0.24788159312177301952
        17        15       -0.35500726954727046536
        18        15        0.24788159312177301952
        19        15       -0.18833320050787782929
        20        16        0.24101001119022930075
        21        13        0.06673308306658834455
        22        13       -0.08762688672553928249
        23        13        0.05059131598442588584
        21        14        0.08762688672553928249
        22        14       -0.09492838190574443002
        23        14        0.07382884254131093227
        21        15       -0.05059131598442588584
        22        15        0.07382884254131093227
        23        15       -0.00967787215504219492
        24        16        0.03294715358016143264
        25        13        0.00306769093728239675
        25        14        0.00536090867622415149
        25        15        0.00000000172639635187
        26        13        0.00839471810310772615
        26        14        0.01090027642805316450
        26        15        0.00881885639245723676
        27        13        0.09565884197625554308
        27        14        0.01092311872540898017
        27        15        0.13432413502938875260
        28        13        0.49507422850372451162
        28        14       -0.50135329918467308463
        28        15        0.00000028715759037261
        29        13        0.09565877174477264988
        29        14        0.01092313985419340015
        29        15       -0.13432404441390854988
        30        13        0.00839475627658488668
        30        14        0.01090033257784912141
        30        15       -0.00881888333928338743
        17        17        1.00000000000000000000
        18        18        1.00000000000000000000
        19        19        1.00000000000000000000
        20        20        1.00000000000000000000
        21        17        0.36711650784120936075
        22        17       -0.40992706355614783043
        23        17       -0.00000046800200033698
        21        18        0.40992706355614783043
        22        18       -0.33144781915187021548
        23        18       -0.00000065355860703906
        21        19        0.00000046800200033698
        22        19       -0.00000065355860703906
        23        19        0.24100990635381358551
        24        20        0.24100990635455973865
        25        17        0.00839472914628567810
        25        18        0.01308750614026421913
        25        19        0.00503049986773363399
        26        17        0.00306768856928603742
        26        18        0.00268045201767341161
        26        19        0.00464267985802441652
        27        17        0.00839475957890398541
        27        18       -0.00218722637460597820
        27        19        0.01384940942627344018
        28        17        0.09565862351808938902
        28        18       -0.11086631409029963635
        28        19        0.07662162806819168559
        29        17        0.49507424383017123448
        29        18       -0.25067675568530706220
        29        19       -0.43418464202232648352
        30        17        0.09565874799810716866
        30        18        0.12178964054329417810
        30        19       -0.05770216004022686584
        21        21        1.00000000000000000000
        22        22        1.00000000000000000000
        23        23        1.00000000000000000000
        24        24        1.00000000000000000000
        25        21        0.09565872284959643645
        25        22        0.11086644467258789659
        25        23        0.07662165954172658888
        26        21        0.00839475027954754253
        26        22        0.00218722154426195629
        26        23        0.01384939524323882711
        27        21        0.00306770866110608323
        27        22       -0.00268047170277406531
        27        23        0.00464270737547518332
        28        21        0.00839474244509889889
        28        22       -0.01308752897722174555
        28        23        0.00503049929813369472
        29        21        0.09565853677998305271
        29        22       -0.12178930131042647877
        29        23       -0.05770225367357969398
        30        21        0.49507443151000435355
        30        22        0.25067709187729514397
        30        23       -0.43418456927414766922
        25        25        1.00000000000000000000
        26        25        0.04492147923638595275
        27        25        0.00132500987121705665
        28        25        0.00033598397911233292
        29        25        0.00132500710835940154
        30        25        0.04492161138013030242
        26        26        1.00000000000000000000
        27        26        0.04492141368379082289
        28        26        0.00132500710835939959
        29        26        0.00033598374338072572
        30        26        0.00132501314732038017
        27        27        1.00000000000000000000
        28        27        0.04492161138013028160
        29        27        0.00132501314732038191
        30        27        0.00033598612724029591
        28        28        1.00000000000000000000
        29        28        0.04492147923638591112
        30        28        0.00132500987121705665
        29        29        1.00000000000000000000
        30        29        0.04492141368379084371
        30        30        1.00000000000000000000
