                   12
  mdstep=                   28
      1     C   4.00000   0.0222523977   1.17022   2.85203   0.92811   0.92392   1.00000        12        28       0.00000000       0.00000000
      2     C   4.00000   0.0222523811   1.17022   2.85203   0.92497   0.92706   1.00000        12        28       0.00000000       0.00000000
      3     C   4.00000   0.0222525210   1.17022   2.85203   0.92496   0.92706   1.00000        12        28       0.00000000       0.00000000
      4     C   4.00000   0.0222523977   1.17022   2.85203   0.92811   0.92392   1.00000        12        28       0.00000000       0.00000000
      5     C   4.00000   0.0222523811   1.17022   2.85203   0.92497   0.92706   1.00000        12        28       0.00000000       0.00000000
      6     C   4.00000   0.0222525210   1.17022   2.85203   0.92496   0.92706   1.00000        12        28       0.00000000       0.00000000
      7     H   1.00000  -0.0222524414   0.97775   0.00000   0.00000   0.00000   0.00000        12        28       0.00000000       0.00000000
      8     H   1.00000  -0.0222524586   0.97775   0.00000   0.00000   0.00000   0.00000        12        28       0.00000000       0.00000000
      9     H   1.00000  -0.0222523997   0.97775   0.00000   0.00000   0.00000   0.00000        12        28       0.00000000       0.00000000
     10     H   1.00000  -0.0222524414   0.97775   0.00000   0.00000   0.00000   0.00000        12        28       0.00000000       0.00000000
     11     H   1.00000  -0.0222524586   0.97775   0.00000   0.00000   0.00000   0.00000        12        28       0.00000000       0.00000000
     12     H   1.00000  -0.0222523997   0.97775   0.00000   0.00000   0.00000   0.00000        12        28       0.00000000       0.00000000
