%%MatrixMarket matrix coordinate real symmetric
% step_count=        28
                   30                   30                  303
         1         1       -0.78642931690896522579
         2         2       -0.41893898190477590893
         3         3       -0.41893898190477590893
         4         4       -0.41893898190477590893
         5         1       -0.56072486494956164105
         6         1       -0.25116292986791438624
         7         1        0.43502664966342347030
         5         2        0.25116292986791438624
         6         2       -0.08053811379056537156
         7         2       -0.20393108070566609569
         5         3       -0.43502664966342347030
         6         3       -0.20393108070566609569
         7         3        0.15494088378502887671
         8         4       -0.19827786090903187777
         9         1       -0.08695137163377852918
        10         1       -0.09085206763692206533
        11         1        0.05245337171517169134
         9         2        0.09085206763692206533
        10         2        0.06648915768432062112
        11         2       -0.05171074714255769617
         9         3       -0.05245337171517169134
        10         3       -0.05171074714255769617
        11         3        0.00677851612812918527
        12         4       -0.02307664415702338767
        13         1       -0.03915779187566142960
        14         1       -0.05052270604227242917
        15         1       -0.00000003329254381058
        13         2        0.05052270604227242917
        14         2        0.05075691444495633586
        15         2        0.00000003981160207433
        13         3        0.00000003329254381058
        14         3        0.00000003981160207433
        15         3       -0.00965871135150937060
        16         4       -0.00965871135153560482
        17         1       -0.08695107012021906223
        18         1       -0.09085171759862029073
        19         1       -0.05245331971243879371
        17         2        0.09085171759862029073
        18         2        0.06648885800794487877
        19         2        0.05171067106841863159
        17         3        0.05245331971243879371
        18         3        0.05171067106841863159
        19         3        0.00677864600963366381
        20         4       -0.02307655578280567651
        21         1       -0.56072470190721346306
        22         1       -0.25116282801219913523
        23         1       -0.43502658962976564760
        21         2        0.25116282801219913523
        22         2       -0.08053810804298794368
        23         2        0.20393102241410315800
        21         3        0.43502658962976564760
        22         3        0.20393102241410315800
        23         3        0.15494094822197859718
        24         4       -0.19827779000711015511
        25         1       -0.64780972478032838868
        25         2       -0.46221145608166697150
        25         3        0.00000026473851514526
        26         1       -0.10506773487466468386
        26         2        0.00847458840025628810
        26         3       -0.10421371545733819353
        27         1       -0.00786280676607497425
        27         2        0.00723140507421205034
        27         3       -0.00585054788678400235
        28         1       -0.00273465183713687268
        28         2        0.00338805310824316554
        28         3        0.00000000109106923465
        29         1       -0.00786276911856370088
        29         2        0.00723136611510756620
        29         3        0.00585052862753913158
        30         1       -0.10506781833564832196
        30         2        0.00847457250954336549
        30         3        0.10421379193107953298
         5         5       -0.78642931690896522579
         6         6       -0.41893898190477590893
         7         7       -0.41893898190477590893
         8         8       -0.41893898190477590893
         9         5       -0.56072464642323938122
        10         5       -0.50232545692326147080
        11         5       -0.00000057349060260000
         9         6        0.50232545692326147080
        10         6        0.27268062994134661947
        11         6        0.00000053767972635268
         9         7        0.00000057349060260000
        10         7        0.00000053767972635268
        11         7       -0.19827776587828552235
        12         8       -0.19827776587889936466
        13         5       -0.08695107012021906223
        14         5       -0.09085171759862030461
        15         5       -0.05245331971243879371
        13         6        0.09085171759862030461
        14         6        0.06648885800794490653
        15         6        0.05171067106841863853
        13         7        0.05245331971243879371
        14         7        0.05171067106841863853
        15         7        0.00677864600963366381
        16         8       -0.02307655578280567651
        17         5       -0.03915775890510714285
        18         5       -0.02526132512254050319
        19         5       -0.04375391756873806687
        17         6        0.02526132512254050319
        18         6        0.00544518300744253284
        19         6        0.02616070855514734950
        17         7        0.04375391756873806687
        18         7        0.02616070855514734950
        19         7        0.03565299348189836237
        20         8       -0.00965870256370414404
        21         5       -0.08695133856302751652
        22         5        0.00000000193869929155
        23         5       -0.10490684831627598850
        21         6       -0.00000000193869929155
        22         6       -0.02307663446391907194
        23         6       -0.00000000220692228103
        21         7        0.10490684831627598850
        22         7       -0.00000000220692228103
        23         7        0.09634428965286592761
        24         8       -0.02307663446391911705
        25         5       -0.10506755872654846562
        25         6       -0.08601430307528451502
        25         7        0.05944597322331127143
        26         5       -0.64780974786359357687
        26         6       -0.23110582691686265555
        26         7       -0.40028681739897392644
        27         5       -0.10506770665484238547
        27         6        0.09448904510357243602
        27         7       -0.04476753505710837078
        28         5       -0.00786278000958428279
        28         6        0.00868239952700948850
        28         7        0.00333729048178693210
        29         5       -0.00273464963003073680
        29         6        0.00169402502919643047
        29         7        0.00293413791039095822
        30         5       -0.00786281002289419481
        30         6       -0.00145103097672679609
        30         7        0.00918785651097274274
         9         9       -0.78642931690896522579
        10        10       -0.41893898190477590893
        11        11       -0.41893898190477590893
        12        12       -0.41893898190477590893
        13         9       -0.56072470190721346306
        14         9       -0.25116282801219919074
        15         9       -0.43502658962976553658
        13        10        0.25116282801219919074
        14        10       -0.08053810804298788817
        15        10        0.20393102241410315800
        13        11        0.43502658962976553658
        14        11        0.20393102241410315800
        15        11        0.15494094822197837513
        16        12       -0.19827779000711015511
        17         9       -0.08695133856302751652
        18         9        0.00000000193869928558
        19         9       -0.10490684831627598850
        17        10       -0.00000000193869928558
        18        10       -0.02307663446391907194
        19        10       -0.00000000220692227424
        17        11        0.10490684831627598850
        18        11       -0.00000000220692227424
        19        11        0.09634428965286592761
        20        12       -0.02307663446391911705
        21         9       -0.03915799226504036029
        22         9        0.02526149057299409764
        23         9       -0.04375414365578950832
        21        10       -0.02526149057299409764
        22        10        0.00544523030026710080
        23        10       -0.02616086203790845763
        21        11        0.04375414365578950832
        22        11       -0.02616086203790845763
        23        11        0.03565313448821111342
        24        12       -0.00965876476248574492
        25         9       -0.00786279312516226930
        25        10       -0.00868241539202272393
        25        11        0.00333729037862633615
        26         9       -0.10506745564961358919
        26        10       -0.09448876508719096512
        26        11       -0.04476759972920221764
        27         9       -0.64781003052947916387
        27        10        0.23110614991511821414
        27        11       -0.40028677293982367624
        28         9       -0.10506767676911010767
        28        10        0.08601441158947931154
        28        11        0.05944600262012878639
        29         9       -0.00786280085166597351
        29        10        0.00145102768869786168
        29        11        0.00918784657291816555
        30         9       -0.00273466835674281150
        30        10       -0.00169403796575779060
        30        11        0.00293415615983527505
        13        13       -0.78642931690896522579
        14        14       -0.41893898190477590893
        15        15       -0.41893898190477590893
        16        16       -0.41893898190477590893
        17        13       -0.56072486494956141900
        18        13        0.25116292986791427522
        19        13       -0.43502664966342319275
        17        14       -0.25116292986791427522
        18        14       -0.08053811379056528830
        19        14       -0.20393108070566601242
        17        15        0.43502664966342319275
        18        15       -0.20393108070566601242
        19        15        0.15494088378502873793
        20        16       -0.19827786090903176675
        21        13       -0.08695137163377852918
        22        13        0.09085206763692206533
        23        13       -0.05245337171517170521
        21        14       -0.09085206763692206533
        22        14        0.06648915768432062112
        23        14       -0.05171074714255770310
        21        15        0.05245337171517170521
        22        15       -0.05171074714255770310
        23        15        0.00677851612812919481
        24        16       -0.02307664415702338767
        25        13       -0.00273465183713687571
        25        14       -0.00338805310824316858
        25        15       -0.00000000109106923458
        26        13       -0.00786276911856370088
        26        14       -0.00723136611510756706
        26        15       -0.00585052862753913158
        27        13       -0.10506781833564850237
        27        14       -0.00847457250954338631
        27        15       -0.10421379193107968564
        28        13       -0.64780972478032805562
        28        14        0.46221145608166674945
        28        15       -0.00000026473851510876
        29        13       -0.10506773487466468386
        29        14       -0.00847458840025630197
        29        15        0.10421371545733819353
        30        13       -0.00786280676607497425
        30        14       -0.00723140507421205034
        30        15        0.00585054788678400235
        17        17       -0.78642931690896522579
        18        18       -0.41893898190477590893
        19        19       -0.41893898190477590893
        20        20       -0.41893898190477590893
        21        17       -0.56072464642323938122
        22        17        0.50232545692326147080
        23        17        0.00000057349060250098
        21        18       -0.50232545692326147080
        22        18        0.27268062994134661947
        23        18        0.00000053767972625984
        21        19       -0.00000057349060250098
        22        19        0.00000053767972625984
        23        19       -0.19827776587828552235
        24        20       -0.19827776587889936466
        25        17       -0.00786278000958428799
        25        18       -0.00868239952700951452
        25        19       -0.00333729048178694121
        26        17       -0.00273464963003073680
        26        18       -0.00169402502919643047
        26        19       -0.00293413791039095822
        27        17       -0.00786281002289419481
        27        18        0.00145103097672679609
        27        19       -0.00918785651097274274
        28        17       -0.10506755872654845174
        28        18        0.08601430307528439012
        28        19       -0.05944597322331116040
        29        17       -0.64780974786359357687
        29        18        0.23110582691686260004
        29        19        0.40028681739897403746
        30        17       -0.10506770665484238547
        30        18       -0.09448904510357243602
        30        19        0.04476753505710839159
        21        21       -0.78642931690896522579
        22        22       -0.41893898190477590893
        23        23       -0.41893898190477590893
        24        24       -0.41893898190477590893
        25        21       -0.10506767676911016318
        25        22       -0.08601441158947942256
        25        23       -0.05944600262012888353
        26        21       -0.00786280085166596483
        26        22       -0.00145102768869786124
        26        23       -0.00918784657291816381
        27        21       -0.00273466835674280847
        27        22        0.00169403796575778821
        27        23       -0.00293415615983527028
        28        21       -0.00786279312516224675
        28        22        0.00868241539202269097
        28        23       -0.00333729037862632314
        29        21       -0.10506745564961358919
        29        22        0.09448876508719096512
        29        23        0.04476759972920220376
        30        21       -0.64781003052947916387
        30        22       -0.23110614991511810312
        30        23        0.40028677293982367624
        25        25       -0.49978685560569752200
        26        25       -0.03503397581120768628
        27        25       -0.00085940586069504176
        28        25       -0.00020758765682685386
        29        25       -0.00085940399847917370
        30        25       -0.03503408600510333343
        26        26       -0.49978685560569752200
        27        26       -0.03503392114729172307
        28        26       -0.00085940399847917229
        29        26       -0.00020758750653620839
        30        26       -0.00085940806884796887
        27        27       -0.49978685560569752200
        28        27       -0.03503408600510331261
        29        27       -0.00085940806884796995
        30        27       -0.00020758902636564284
        28        28       -0.49978685560569752200
        29        28       -0.03503397581120765159
        30        28       -0.00085940586069504176
        29        29       -0.49978685560569752200
        30        29       -0.03503392114729173695
        30        30       -0.49978685560569752200
