         1     -1.122775058609
         2     -1.017949823665
         3     -1.017949706596
         4     -0.818413415435
         5     -0.818413357268
         6     -0.717017369323
         7     -0.649339873850
         8     -0.600832842465
         9     -0.600832671927
        10     -0.564052646973
        11     -0.557662759145
        12     -0.533122728382
        13     -0.533122537464
        14     -0.489699475504
        15     -0.489699390694
        16     -0.279848879281
        17     -0.279848828007
        18     -0.103410089351
        19      0.255711643106
        20      0.255712109541
        21      0.647718833638
        22      0.669771145659
        23      0.669771574996
        24      0.727788530940
        25      0.920937019065
        26      1.507263857629
        27      1.507265418440
        28      1.880798748054
        29      1.880801192092
        30      2.547344164166
