1 -1.2930805485550132
2 -1.0431649473140605
3 -1.0430725452900667
4 -1.043062919616619
5 -0.8141703743332831
6 -0.8141496144188036
7 -0.8141390219089083
8 -0.8140793628195455
9 -0.814074867352105
10 -0.6451550911904906
11 -0.6450919084385546
12 -0.6450768682537918
13 -0.6137734701071836
14 -0.6137663894344967
15 -0.6137355745834372
16 -0.6137232458363628
17 -0.48835834248650206
18 -0.4883298807708614
19 -0.48832592256654744
20 -0.4883105323122058
21 -0.4883047000390478
22 -0.45997619303161713
23 -0.4599532838784883
24 -0.4599339132889599
25 -0.45992967585865246
26 -0.3838350914175805
27 -0.3838059868686164
28 -0.3838028203905596
29 -0.36056739390292036
30 -0.36054798160979346
31 -0.36054520103727994
32 -0.3238516974617644
33 -0.32383810138510716
34 -0.32380505541588206
35 -0.3237686426878338
36 -0.3236430879895102
37 -0.31656035546485795
38 -0.26505373104913804
39 -0.26500990254386847
40 -0.26500025432472785
41 -0.2649594701462248
42 -0.2649566164468962
43 -0.21423186140893818
44 -0.21422098161006123
45 -0.21408275288254594
46 -0.21037537893070435
47 -0.20448970874026898
48 -0.20447992171084767
49 -0.20444958093754695
50 -0.20443944051217722
51 -0.17250464392528603
52 -0.17239690341934585
53 -0.17238762206658992
54 -0.1670875851040817
55 -0.16705569032790665
56 -0.16705345235014377
57 -0.153114541614434
58 -0.15310812173046984
59 -0.15307392822991855
60 -0.15306377128959375
61 -0.15301665557168498
62 -0.12076506013415866
63 -0.12070073346332745
64 -0.12068733617201659
65 -0.12066118338456697
66 -0.12065284461832503
67 -0.1173384942370157
68 -0.11732913950574662
69 -0.11731392494244802
70 -0.11729970024821237
71 -0.11443144062721038
72 -0.1143982395266926
73 -0.11439474478567885
74 -0.10401693594864979
75 -0.10400127026036769
76 -0.10397023630394041
77 -0.10396797361517753
78 -0.08971600235108457
79 -0.08971246422812423
80 -0.089667448604035
81 -0.08965139369458038
82 -0.07273458425791483
83 -0.07272996680157984
84 -0.07268832744722965
85 -0.054433227049211295
86 -0.05443138649706625
87 -0.0544252525001815
88 -0.05440903307954969
89 -0.054407516347772945
90 -0.041508256850992034
91 -0.041503694107419935
92 -0.04149099631276135
93 -0.04148086942289125
94 -0.041480456249467605
95 -0.021423501760218677
96 -0.021412252680460618
97 -0.021407142325962566
98 -0.0213731383011008
99 -0.021371412345020248
100 0.04062597776536878
101 0.04066169055643766
102 0.04066869327484675
103 0.052967512416363514
104 0.05297248102509455
105 0.05299391781413372
106 0.0530015510864896
107 0.09809469618439008
108 0.09812065895206999
109 0.09812576402831626
110 0.09812961053010215
111 0.09813420801979238
112 0.09871774328072619
113 0.0987279495486994
114 0.0987466839903182
115 0.09875075079528736
116 0.12166384359926512
117 0.12166965483042894
118 0.12167314341799512
119 0.1216846242156047
120 0.12172352127050776
121 0.15285079903323784
122 0.152875158845882
123 0.1528773608797318
124 0.1653232993880922
125 0.16532653136274278
126 0.16535632855601848
127 0.17564711041478057
128 0.1756494330810941
129 0.1756504652267735
130 0.17620037524711343
131 0.1762017618493087
132 0.1762037928525628
133 0.17621419377562078
134 0.17621508621817455
135 0.1891983599580056
136 0.18919965598248634
137 0.18920434762881047
138 0.1892080161267968
139 0.18921647316233192
140 0.19313193694394407
141 0.19313287496383275
142 0.19313753042363976
143 0.19313990344078666
144 0.19984887387360126
145 0.1998535070826522
146 0.19986876924119218
147 0.1998708381918821
148 0.20166042000122797
149 0.2016648261379946
150 0.20168144572673177
151 0.3182186109373695
152 0.3182706142995082
153 0.3182798677952476
154 0.32223252245329653
155 0.3222427995026601
156 0.322264153257504
157 0.32230199698198364
158 0.32231473148899076
159 0.3239964122708745
160 0.32399945671822034
161 0.32400070410327136
162 0.32400364754140615
163 0.32573357585168167
164 0.3257345567190157
165 0.32573913003896426
166 0.32574098384576033
167 0.32966198490662263
168 0.3296629714844622
169 0.3296653560316638
170 0.33187711094081557
171 0.33187801697603897
172 0.3318819787439951
173 0.33188539520071897
174 0.33190313574051605
175 0.33721286293613095
176 0.3372883468290599
177 0.33729695938249943
178 0.34701036380070327
179 0.34701853794001186
180 0.3470842912424202
181 0.3598005222345094
182 0.35980432758076886
183 0.3598088502712629
184 0.35981251230483
185 0.36032145338125904
186 0.3603353597335274
187 0.36035325272471025
188 0.36038808223166086
189 0.3603900412679095
190 0.3703726039977033
191 0.3703807738070132
192 0.3703858891236425
193 0.3703978243753839
194 0.37046373006462335
195 0.37083875958283247
196 0.3708558892932778
197 0.3708897813490433
198 0.37089378577331306
199 0.4094839915056
200 0.4094877920796965
201 0.4094927295784757
202 0.4250011281460199
203 0.42500340794920183
204 0.42500495612200445
205 0.42500802929328857
206 0.42502493011048603
207 0.4455414568464459
208 0.44749120746089177
209 0.4474914252601273
210 0.4474955259285426
211 0.45065602373577995
212 0.4506572635572736
213 0.450657785760436
214 0.4506584495818887
215 0.4506649165491134
216 0.45220844574937197
217 0.4522097302293426
218 0.4522137645208713
219 0.4784696336829291
220 0.4784736994648352
221 0.47848154946418164
222 0.5144855862923403
223 0.5144862964104633
224 0.5144926911802343
225 0.5144950988548813
226 0.5149867167715174
227 0.5149944238487775
228 0.5149956871841089
229 0.5189568574883427
230 0.5189610414167757
231 0.5189804675428408
232 0.518987624829742
233 0.5272172972313358
234 0.5272209417245305
235 0.5272258264316751
236 0.5272336733883308
237 0.5272508153432127
238 0.5410639954527968
239 0.541065346284439
240 0.5410852768161688
