1 0.005703955452304995
2 0.008882072828162977
3 0.008880834582863595
4 0.008881131855858045
5 0.010098154814603574
6 0.009328071485687428
7 0.009280631922181376
8 0.00957640022028835
9 0.009407999123336848
10 0.011447248794581144
11 0.01149488901759812
12 0.011513637081492478
13 0.011145473344417163
14 0.011215395922774955
15 0.010761385652849044
16 0.011568967270406278
17 0.011823711739512837
18 0.010410260572923605
19 0.010535642737946542
20 0.009834503062217611
21 0.010137550914761356
22 0.01037605078494052
23 0.010206215843114808
24 0.010362256244465583
25 0.010419156854266524
26 0.010121296658644991
27 0.009670396331728658
28 0.01001476000500546
29 0.009011265325854069
30 0.008561064942387456
31 0.009203604725506395
32 0.011824107723263533
33 0.010742231463362551
34 0.010417536532192283
35 0.01277270603097149
36 0.016525506776999193
37 0.00750031842965115
38 0.01126668016009416
39 0.015898855404350647
40 0.01601415729614361
41 0.016475677090819665
42 0.015100423974865624
43 0.010830250027243898
44 0.01084278868247485
45 0.01077459272209478
46 0.008368578979692587
47 0.00985040015579334
48 0.010641260938782976
49 0.009680485127893894
50 0.01020830091938123
51 0.010117698736481611
52 0.009497382709558952
53 0.00959258952905998
54 0.01073698941536636
55 0.010084527064776578
56 0.010555003366614298
57 0.010225623699944756
58 0.010316752475230489
59 0.010208850411030741
60 0.01039381849407992
61 0.009232729588854353
62 0.008518670122784703
63 0.010368938626130015
64 0.010902792070612469
65 0.012641758720159105
66 0.010974293626032881
67 0.013521996838047985
68 0.013269369201577438
69 0.012733085900004937
70 0.013102980250122175
71 0.014020230446726685
72 0.014165007839386628
73 0.014078309040836375
74 0.009690938438670568
75 0.011110173083405644
76 0.00942780058814243
77 0.00976857665005285
78 0.012923686380680503
79 0.013395809834912188
80 0.010651369325738742
81 0.014094315051930128
82 0.012100798492850217
83 0.012170709558103772
84 0.011610829895614417
85 0.00978939421262
86 0.010212368853391496
87 0.010923689243760174
88 0.011014244771645509
89 0.010468335126067605
90 0.012649104991394895
91 0.011731229612100961
92 0.009890789074488466
93 0.012946263722780479
94 0.01241921217213859
95 0.014500562685170467
96 0.014958445807599538
97 0.014888811899643212
98 0.01365955871529593
99 0.014487517160726214
100 0.013086968483763254
101 0.014239733583368297
102 0.01344128090612962
103 0.016916962035355546
104 0.016860306181055464
105 0.015814247499773684
106 0.018448808052991476
107 0.007828841887646624
108 0.011523148316417512
109 0.010180842641165111
110 0.012751525955213765
111 0.01418068333764063
112 0.012215545888643995
113 0.015177018493407603
114 0.011835542409329181
115 0.011524650870041175
116 0.015135991775880956
117 0.015488334456118844
118 0.017285291224853578
119 0.016308547184350135
120 0.014952765686560362
121 0.013507289749244894
122 0.013635188895065584
123 0.014022753677993095
124 0.013274042590100314
125 0.013285217373465483
126 0.014411412827085798
127 0.015597862921667573
128 0.01442495295636612
129 0.01476652615675901
130 0.02070574513392727
131 0.01545859764549034
132 0.01640031137585636
133 0.016573753141729902
134 0.016537598683916806
135 0.01556561667252227
136 0.0163155848134546
137 0.017960972259993196
138 0.017706140503850016
139 0.016385190212147405
140 0.017052137790510263
141 0.01853293542287332
142 0.017522045913111857
143 0.02147751846186815
144 0.020416298914474232
145 0.020592556495191917
146 0.019196350233945874
147 0.020535374695759317
148 0.01588510990981702
149 0.016445714014119452
150 0.01552345262684145
151 0.011769026026338626
152 0.011984494742878968
153 0.011786078577659778
154 0.011219994914374636
155 0.01197295884515991
156 0.015579947060834922
157 0.012085677685873611
158 0.011786899725009127
159 0.015191279144675975
160 0.01574310151755939
161 0.0162727483303099
162 0.01637997337939203
163 0.015464446978272787
164 0.015285195106506118
165 0.01662351522080339
166 0.015048741544391241
167 0.014340339875451554
168 0.014236632508832925
169 0.01430645279954939
170 0.012696449274543905
171 0.0134174714613722
172 0.013263982351452638
173 0.012180415403387518
174 0.011489561982350962
175 0.010009860935371106
176 0.010250732541983588
177 0.010204567079564398
178 0.010750481543081102
179 0.01080084930717854
180 0.01051202364468066
181 0.012695995025034075
182 0.012371050058974853
183 0.010075264449029847
184 0.012538662364879273
185 0.013452347804573606
186 0.011631614759884416
187 0.012386946508754774
188 0.011111482941421167
189 0.011873299251652567
190 0.011699693704082003
191 0.010641161011201963
192 0.011519088800755582
193 0.012872240446639338
194 0.013025676279548086
195 0.01073788361103051
196 0.010442500742466384
197 0.009611641797455783
198 0.009981768973209045
199 0.012060587715277661
200 0.011187810324387345
201 0.012379527200643088
202 0.01738278067055986
203 0.013563690506893319
204 0.012354633377205968
205 0.014666701304392895
206 0.019835919046250622
207 0.007500168787871848
208 0.014007447367075643
209 0.012948502391861488
210 0.013842892087686902
211 0.03100526637299842
212 0.01966750753472252
213 0.018510774143423663
214 0.02076443350666793
215 0.031613930700996135
216 0.013607157116790364
217 0.01372319735220079
218 0.013901057629861813
219 0.01033533346542986
220 0.009927249727777214
221 0.008574377079045445
222 0.01707525567018741
223 0.014587523416863821
224 0.013864934655571657
225 0.018409786791898877
226 0.013681537973772515
227 0.013067699178008567
228 0.013608827310753854
229 0.013524286629753276
230 0.013371696537493963
231 0.012635251067084548
232 0.01326078544826861
233 0.011334569991069254
234 0.011569092540854116
235 0.013826766453014028
236 0.013755017814251246
237 0.012138871382152186
238 0.010277624990839734
239 0.009996578416127746
240 0.009153112781558868
