tdos=      0      -50.0000000000        0.0000000000        0.0000000000        0.0000000000
tdos=      1      -49.8000000000        0.0000000000        0.0000000000        0.0000000000
tdos=      2      -49.6000000000        0.0000000000        0.0000000000        0.0000000000
tdos=      3      -49.4000000000        0.0000000000        0.0000000000        0.0000000000
tdos=      4      -49.2000000000        0.0000000000        0.0000000000        0.0000000000
tdos=      5      -49.0000000000        0.0000000000        0.0000000000        0.0000000000
tdos=      6      -48.8000000000        0.0000000000        0.0000000000        0.0000000000
tdos=      7      -48.6000000000        0.0000000000        0.0000000000        0.0000000000
tdos=      8      -48.4000000000        0.0000000000        0.0000000000        0.0000000000
tdos=      9      -48.2000000000        0.0000000000        0.0000000000        0.0000000000
tdos=     10      -48.0000000000        0.0000000000        0.0000000000        0.0000000000
tdos=     11      -47.8000000000        0.0000000000        0.0000000000        0.0000000000
tdos=     12      -47.6000000000        0.0000000000        0.0000000000        0.0000000000
tdos=     13      -47.4000000000        0.0000000000        0.0000000000        0.0000000000
tdos=     14      -47.2000000000        0.0000000000        0.0000000000        0.0000000000
tdos=     15      -47.0000000000        0.0000000000        0.0000000000        0.0000000000
tdos=     16      -46.8000000000        0.0000000000        0.0000000000        0.0000000000
tdos=     17      -46.6000000000        0.0000000000        0.0000000000        0.0000000000
tdos=     18      -46.4000000000        0.0000000000        0.0000000000        0.0000000000
tdos=     19      -46.2000000000        0.0000000000        0.0000000000        0.0000000000
tdos=     20      -46.0000000000        0.0000000000        0.0000000000        0.0000000000
tdos=     21      -45.8000000000        0.0000000000        0.0000000000        0.0000000000
tdos=     22      -45.6000000000        0.0000000000        0.0000000000        0.0000000000
tdos=     23      -45.4000000000        0.0000000000        0.0000000000        0.0000000000
tdos=     24      -45.2000000000        0.0000000000        0.0000000000        0.0000000000
tdos=     25      -45.0000000000        0.0000000000        0.0000000000        0.0000000000
tdos=     26      -44.8000000000        0.0000000000        0.0000000000        0.0000000000
tdos=     27      -44.6000000000        0.0000000000        0.0000000000        0.0000000000
tdos=     28      -44.4000000000        0.0000000000        0.0000000000        0.0000000000
tdos=     29      -44.2000000000        0.0000000000        0.0000000000        0.0000000000
tdos=     30      -44.0000000000        0.0000000000        0.0000000000        0.0000000000
tdos=     31      -43.8000000000        0.0000000000        0.0000000000        0.0000000000
tdos=     32      -43.6000000000        0.0000000000        0.0000000000        0.0000000000
tdos=     33      -43.4000000000        0.0000000000        0.0000000000        0.0000000000
tdos=     34      -43.2000000000        0.0000000000        0.0000000000        0.0000000000
tdos=     35      -43.0000000000        0.0000000000        0.0000000000        0.0000000000
tdos=     36      -42.8000000000        0.0000000000        0.0000000000        0.0000000000
tdos=     37      -42.6000000000        0.0000000000        0.0000000000        0.0000000000
tdos=     38      -42.4000000000        0.0000000000        0.0000000000        0.0000000000
tdos=     39      -42.2000000000        0.0000000000        0.0000000000        0.0000000000
tdos=     40      -42.0000000000        0.0000000000        0.0000000000        0.0000000000
tdos=     41      -41.8000000000        0.0000000000        0.0000000000        0.0000000000
tdos=     42      -41.6000000000        0.0000000000        0.0000000000        0.0000000000
tdos=     43      -41.4000000000        0.0000000000        0.0000000000        0.0000000000
tdos=     44      -41.2000000000        0.0000000000        0.0000000000        0.0000000000
tdos=     45      -41.0000000000        0.0000000000        0.0000000000        0.0000000000
tdos=     46      -40.8000000000        0.0000000000        0.0000000000        0.0000000000
tdos=     47      -40.6000000000        0.0000000000        0.0000000000        0.0000000000
tdos=     48      -40.4000000000        0.0000000000        0.0000000000        0.0000000000
tdos=     49      -40.2000000000        0.0000000000        0.0000000000        0.0000000000
tdos=     50      -40.0000000000        0.0000000000        0.0000000000        0.0000000000
tdos=     51      -39.8000000000        0.0000000000        0.0000000000        0.0000000000
tdos=     52      -39.6000000000        0.0000000000        0.0000000000        0.0000000000
tdos=     53      -39.4000000000        0.0000000000        0.0000000000        0.0000000000
tdos=     54      -39.2000000000        0.0000000000        0.0000000000        0.0000000000
tdos=     55      -39.0000000000        0.0000000000        0.0000000000        0.0000000000
tdos=     56      -38.8000000000        0.0000000000        0.0000000000        0.0000000000
tdos=     57      -38.6000000000        0.0000000000        0.0000000000        0.0000000000
tdos=     58      -38.4000000000        0.0000000000        0.0000000000        0.0000000000
tdos=     59      -38.2000000000        0.0000000000        0.0000000000        0.0000000000
tdos=     60      -38.0000000000        0.0000000000        0.0000000000        0.0000000000
tdos=     61      -37.8000000000        0.0000000000        0.0000000000        0.0000000000
tdos=     62      -37.6000000000        0.0000000000        0.0000000000        0.0000000000
tdos=     63      -37.4000000000        0.0000000000        0.0000000000        0.0000000000
tdos=     64      -37.2000000000        0.0000000000        0.0000000000        0.0000000000
tdos=     65      -37.0000000000        0.0000000000        0.0000000000        0.0000000000
tdos=     66      -36.8000000000        0.0000000000        0.0000000000        0.0000000000
tdos=     67      -36.6000000000        0.0000000000        0.0000000000       -0.0000000000
tdos=     68      -36.4000000000        0.0000000000        0.0000000000       -0.0000000000
tdos=     69      -36.2000000000        0.0000000000        0.0000000000       -0.0000000000
tdos=     70      -36.0000000000        0.0000000000        0.0000000000       -0.0000000000
tdos=     71      -35.8000000000        0.0000000000        0.0000000000       -0.0000000000
tdos=     72      -35.6000000000        0.0000000000        0.0000000000       -0.0000000000
tdos=     73      -35.4000000000        0.0000000000        0.0000000000       -0.0000000000
tdos=     74      -35.2000000000        0.0000000000        0.0000000000       -0.0000000000
tdos=     75      -35.0000000000        0.0000000000        0.0000000000       -0.0000000000
tdos=     76      -34.8000000000        0.0000000000        0.0000000000       -0.0000000000
tdos=     77      -34.6000000000        0.0000000000        0.0000000000       -0.0000000000
tdos=     78      -34.4000000000        0.0000000000        0.0000000000       -0.0000000000
tdos=     79      -34.2000000000        0.0000000000        0.0000000000       -0.0000000000
tdos=     80      -34.0000000000        0.0000000000        0.0000000000       -0.0000000000
tdos=     81      -33.8000000000        0.0000000000        0.0000000000       -0.0000000000
tdos=     82      -33.6000000000        0.0000000000        0.0000000000       -0.0000000000
tdos=     83      -33.4000000000        0.0000000000        0.0000000000       -0.0000000000
tdos=     84      -33.2000000000        0.0000000000        0.0000000000       -0.0000000000
tdos=     85      -33.0000000000        0.0000000001        0.0000000000       -0.0000000006
tdos=     86      -32.8000000000        0.0000000047        0.0000000010       -0.0000000306
tdos=     87      -32.6000000000        0.0000002586        0.0000000527       -0.0000016716
tdos=     88      -32.4000000000        0.0000141194        0.0000028766       -0.0000912663
tdos=     89      -32.2000000000        0.0007708352        0.0001570436       -0.0049825850
tdos=     90      -32.0000000000        0.0419065610        0.0085383558       -0.2708998066
tdos=     91      -31.8000000000        1.8541621848        0.3793707928      -12.0364478348
tdos=     92      -31.6000000000        7.3774989436        1.8548705815      -58.8502157237
tdos=     93      -31.4000000000        0.7113370148        1.9971379845      -63.3639901284
tdos=     94      -31.2000000000        0.0140476107        1.9999475066      -63.4531289535
tdos=     95      -31.0000000000        0.0002576596        1.9999990385      -63.4547639269
tdos=     96      -30.8000000000        0.0000047193        1.9999999824      -63.4547938732
tdos=     97      -30.6000000000        0.0000000864        1.9999999997      -63.4547944217
tdos=     98      -30.4000000000        0.0000000016        2.0000000000      -63.4547944318
tdos=     99      -30.2000000000        0.0000000000        2.0000000000      -63.4547944320
tdos=    100      -30.0000000000        0.0000000000        2.0000000000      -63.4547944320
tdos=    101      -29.8000000000        0.0000000000        2.0000000000      -63.4547944320
tdos=    102      -29.6000000000        0.0000000000        2.0000000000      -63.4547944320
tdos=    103      -29.4000000000        0.0000000000        2.0000000000      -63.4547944320
tdos=    104      -29.2000000000        0.0000000000        2.0000000000      -63.4547944320
tdos=    105      -29.0000000000        0.0000000000        2.0000000000      -63.4547944320
tdos=    106      -28.8000000000        0.0000000000        2.0000000000      -63.4547944320
tdos=    107      -28.6000000000        0.0000000000        2.0000000000      -63.4547944320
tdos=    108      -28.4000000000        0.0000000000        2.0000000000      -63.4547944320
tdos=    109      -28.2000000000        0.0000000000        2.0000000000      -63.4547944320
tdos=    110      -28.0000000000        0.0000000000        2.0000000000      -63.4547944320
tdos=    111      -27.8000000000        0.0000000000        2.0000000000      -63.4547944320
tdos=    112      -27.6000000000        0.0000000000        2.0000000000      -63.4547944320
tdos=    113      -27.4000000000        0.0000000000        2.0000000000      -63.4547944320
tdos=    114      -27.2000000000        0.0000000000        2.0000000000      -63.4547944320
tdos=    115      -27.0000000000        0.0000000000        2.0000000000      -63.4547944320
tdos=    116      -26.8000000000        0.0000000000        2.0000000000      -63.4547944320
tdos=    117      -26.6000000000        0.0000000000        2.0000000000      -63.4547944320
tdos=    118      -26.4000000000        0.0000000000        2.0000000000      -63.4547944320
tdos=    119      -26.2000000000        0.0000000000        2.0000000000      -63.4547944320
tdos=    120      -26.0000000000        0.0000000000        2.0000000000      -63.4547944320
tdos=    121      -25.8000000000        0.0000000000        2.0000000000      -63.4547944320
tdos=    122      -25.6000000000        0.0000000000        2.0000000000      -63.4547944320
tdos=    123      -25.4000000000        0.0000000000        2.0000000000      -63.4547944320
tdos=    124      -25.2000000000        0.0000000000        2.0000000000      -63.4547944320
tdos=    125      -25.0000000000        0.0000000000        2.0000000000      -63.4547944320
tdos=    126      -24.8000000000        0.0000000000        2.0000000000      -63.4547944320
tdos=    127      -24.6000000000        0.0000000000        2.0000000000      -63.4547944320
tdos=    128      -24.4000000000        0.0000000000        2.0000000000      -63.4547944320
tdos=    129      -24.2000000000        0.0000000000        2.0000000000      -63.4547944320
tdos=    130      -24.0000000000        0.0000000000        2.0000000000      -63.4547944320
tdos=    131      -23.8000000000        0.0000000000        2.0000000000      -63.4547944320
tdos=    132      -23.6000000000        0.0000000000        2.0000000000      -63.4547944320
tdos=    133      -23.4000000000        0.0000000000        2.0000000000      -63.4547944320
tdos=    134      -23.2000000000        0.0000000000        2.0000000000      -63.4547944320
tdos=    135      -23.0000000000        0.0000000000        2.0000000000      -63.4547944320
tdos=    136      -22.8000000000        0.0000000000        2.0000000000      -63.4547944320
tdos=    137      -22.6000000000        0.0000000000        2.0000000000      -63.4547944320
tdos=    138      -22.4000000000        0.0000000000        2.0000000000      -63.4547944320
tdos=    139      -22.2000000000        0.0000000000        2.0000000000      -63.4547944320
tdos=    140      -22.0000000000        0.0000000000        2.0000000000      -63.4547944320
tdos=    141      -21.8000000000        0.0000000000        2.0000000000      -63.4547944320
tdos=    142      -21.6000000000        0.0000000000        2.0000000000      -63.4547944320
tdos=    143      -21.4000000000        0.0000000000        2.0000000000      -63.4547944320
tdos=    144      -21.2000000000        0.0000000000        2.0000000000      -63.4547944320
tdos=    145      -21.0000000000        0.0000000000        2.0000000000      -63.4547944320
tdos=    146      -20.8000000000        0.0000000000        2.0000000000      -63.4547944320
tdos=    147      -20.6000000000        0.0000000000        2.0000000000      -63.4547944320
tdos=    148      -20.4000000000        0.0000000000        2.0000000000      -63.4547944320
tdos=    149      -20.2000000000        0.0000000000        2.0000000000      -63.4547944320
tdos=    150      -20.0000000000        0.0000000000        2.0000000000      -63.4547944320
tdos=    151      -19.8000000000        0.0000000000        2.0000000000      -63.4547944320
tdos=    152      -19.6000000000        0.0000000000        2.0000000000      -63.4547944320
tdos=    153      -19.4000000000        0.0000000000        2.0000000000      -63.4547944320
tdos=    154      -19.2000000000        0.0000000000        2.0000000000      -63.4547944320
tdos=    155      -19.0000000000        0.0000000000        2.0000000000      -63.4547944320
tdos=    156      -18.8000000000        0.0000000000        2.0000000000      -63.4547944320
tdos=    157      -18.6000000000        0.0000000000        2.0000000000      -63.4547944320
tdos=    158      -18.4000000000        0.0000000000        2.0000000000      -63.4547944320
tdos=    159      -18.2000000000        0.0000000000        2.0000000000      -63.4547944320
tdos=    160      -18.0000000000        0.0000000000        2.0000000000      -63.4547944320
tdos=    161      -17.8000000000        0.0000000000        2.0000000000      -63.4547944320
tdos=    162      -17.6000000000        0.0000000000        2.0000000000      -63.4547944320
tdos=    163      -17.4000000000        0.0000000003        2.0000000001      -63.4547944331
tdos=    164      -17.2000000000        0.0000000186        2.0000000038      -63.4547944934
tdos=    165      -17.0000000000        0.0000010174        2.0000002073      -63.4547977889
tdos=    166      -16.8000000000        0.0000555469        2.0000113167      -63.4549777132
tdos=    167      -16.6000000000        0.0030318226        2.0006176812      -63.4647982179
tdos=    168      -16.4000000000        0.1627891401        2.0331755092      -63.9920953223
tdos=    169      -16.2000000000        4.6308652241        2.9593485540      -78.9919940285
tdos=    170      -16.0000000000        5.1969884967        3.9987462533      -95.8113578768
tdos=    171      -15.8000000000        5.1262462758        5.0239955085     -112.0278931636
tdos=    172      -15.6000000000        4.7086241668        5.9657203419     -126.9097556825
tdos=    173      -15.4000000000        0.1682053387        5.9993614096     -127.4413728990
tdos=    174      -15.2000000000        0.0031344527        5.9999883001     -127.4512794143
tdos=    175      -15.0000000000        0.0000574278        5.9999997857     -127.4514609164
tdos=    176      -14.8000000000        0.0000010518        5.9999999961     -127.4514642407
tdos=    177      -14.6000000000        0.0000000193        5.9999999999     -127.4514643016
tdos=    178      -14.4000000000        0.0000000004        6.0000000000     -127.4514643027
tdos=    179      -14.2000000000        0.0000000000        6.0000000000     -127.4514643028
tdos=    180      -14.0000000000        0.0000000000        6.0000000000     -127.4514643028
tdos=    181      -13.8000000000        0.0000000000        6.0000000000     -127.4514643028
tdos=    182      -13.6000000000        0.0000000000        6.0000000000     -127.4514643028
tdos=    183      -13.4000000000        0.0000000000        6.0000000000     -127.4514643028
tdos=    184      -13.2000000000        0.0000000000        6.0000000000     -127.4514643028
tdos=    185      -13.0000000000        0.0000000003        6.0000000001     -127.4514643034
tdos=    186      -12.8000000000        0.0000000148        6.0000000030     -127.4514643384
tdos=    187      -12.6000000000        0.0000008096        6.0000001649     -127.4514662464
tdos=    188      -12.4000000000        0.0000442009        6.0000090051     -127.4515704232
tdos=    189      -12.2000000000        0.0024126956        6.0004915442     -127.4572568847
tdos=    190      -12.0000000000        0.1299846541        6.0264884751     -127.7636165981
tdos=    191      -11.8000000000        4.0966059899        6.8458096730     -137.4188720248
tdos=    192      -11.6000000000        5.5271111860        7.9512319102     -150.4456728458
tdos=    193      -11.4000000000        0.2392648266        7.9990848755     -151.0095940580
tdos=    194      -11.2000000000        0.0044917792        7.9999832314     -151.0201806937
tdos=    195      -11.0000000000        0.0000823075        7.9999996929     -151.0203746834
tdos=    196      -10.8000000000        0.0000015075        7.9999999944     -151.0203782365
tdos=    197      -10.6000000000        0.0000000276        7.9999999999     -151.0203783015
tdos=    198      -10.4000000000        0.0000000005        8.0000000000     -151.0203783027
tdos=    199      -10.2000000000        0.0000000000        8.0000000000     -151.0203783028
tdos=    200      -10.0000000000        0.0000000000        8.0000000000     -151.0203783028
tdos=    201       -9.8000000000        0.0000000000        8.0000000000     -151.0203783028
tdos=    202       -9.6000000000        0.0000000000        8.0000000000     -151.0203783028
tdos=    203       -9.4000000000        0.0000000000        8.0000000000     -151.0203783028
tdos=    204       -9.2000000000        0.0000000000        8.0000000000     -151.0203783028
tdos=    205       -9.0000000000        0.0000000000        8.0000000000     -151.0203783028
tdos=    206       -8.8000000000        0.0000000000        8.0000000000     -151.0203783028
tdos=    207       -8.6000000000        0.0000000000        8.0000000000     -151.0203783028
tdos=    208       -8.4000000000        0.0000000000        8.0000000000     -151.0203783028
tdos=    209       -8.2000000000        0.0000000000        8.0000000000     -151.0203783028
tdos=    210       -8.0000000000        0.0000000000        8.0000000000     -151.0203783028
tdos=    211       -7.8000000000        0.0000000000        8.0000000000     -151.0203783028
tdos=    212       -7.6000000000        0.0000000000        8.0000000000     -151.0203783028
tdos=    213       -7.4000000000        0.0000000004        8.0000000001     -151.0203783033
tdos=    214       -7.2000000000        0.0000000220        8.0000000045     -151.0203783306
tdos=    215       -7.0000000000        0.0000012038        8.0000002453     -151.0203798244
tdos=    216       -6.8000000000        0.0000657251        8.0000133903     -151.0204613799
tdos=    217       -6.6000000000        0.0035871568        8.0007308216     -151.0249125349
tdos=    218       -6.4000000000        0.1920210693        8.0391350355     -151.2631835631
tdos=    219       -6.2000000000        5.0188858522        9.0429122059     -157.4909120959
tdos=    220       -6.0000000000        4.6201335940        9.9669389247     -163.2238453915
tdos=    221       -5.8000000000        0.1622277600        9.9993844767     -163.4251471305
tdos=    222       -5.6000000000        0.0030212309        9.9999887229     -163.4288960513
tdos=    223       -5.4000000000        0.0000553528        9.9999997935     -163.4289647363
tdos=    224       -5.2000000000        0.0000010138        9.9999999962     -163.4289659944
tdos=    225       -5.0000000000        0.0000000186        9.9999999999     -163.4289660174
tdos=    226       -4.8000000000        0.0000000003       10.0000000000     -163.4289660178
tdos=    227       -4.6000000000        0.0000000000       10.0000000000     -163.4289660178
tdos=    228       -4.4000000000        0.0000000000       10.0000000000     -163.4289660178
tdos=    229       -4.2000000000        0.0000000000       10.0000000000     -163.4289660178
tdos=    230       -4.0000000000        0.0000000000       10.0000000000     -163.4289660178
tdos=    231       -3.8000000000        0.0000000000       10.0000000000     -163.4289660178
tdos=    232       -3.6000000000        0.0000000000       10.0000000000     -163.4289660178
tdos=    233       -3.4000000000        0.0000000000       10.0000000000     -163.4289660178
tdos=    234       -3.2000000000        0.0000000000       10.0000000000     -163.4289660178
tdos=    235       -3.0000000000        0.0000000000       10.0000000000     -163.4289660178
tdos=    236       -2.8000000000        0.0000000000       10.0000000000     -163.4289660178
tdos=    237       -2.6000000000        0.0000000000       10.0000000000     -163.4289660178
tdos=    238       -2.4000000000        0.0000000000       10.0000000000     -163.4289660178
tdos=    239       -2.2000000000        0.0000000000       10.0000000000     -163.4289660178
tdos=    240       -2.0000000000        0.0000000000       10.0000000000     -163.4289660178
tdos=    241       -1.8000000000        0.0000000000       10.0000000000     -163.4289660178
tdos=    242       -1.6000000000        0.0000000000       10.0000000000     -163.4289660178
tdos=    243       -1.4000000000        0.0000000000       10.0000000000     -163.4289660178
tdos=    244       -1.2000000000        0.0000000000       10.0000000000     -163.4289660178
tdos=    245       -1.0000000000        0.0000000000       10.0000000000     -163.4289660178
tdos=    246       -0.8000000000        0.0000000000       10.0000000000     -163.4289660178
tdos=    247       -0.6000000000        0.0000000000       10.0000000000     -163.4289660178
tdos=    248       -0.4000000000        0.0000000000       10.0000000000     -163.4289660178
tdos=    249       -0.2000000000        0.0000000000       10.0000000000     -163.4289660178
tdos=    250        0.0000000000        0.0000000000       10.0000000000     -163.4289660178
tdos=    251        0.2000000000        0.0000000000       10.0000000000     -163.4289660178
tdos=    252        0.4000000000        0.0000000000       10.0000000000     -163.4289660178
tdos=    253        0.6000000000        0.0000000000       10.0000000000     -163.4289660178
tdos=    254        0.8000000000        0.0000000010       10.0000000002     -163.4289660174
tdos=    255        1.0000000000        0.0000000555       10.0000000113     -163.4289659958
tdos=    256        1.2000000000        0.0000030306       10.0000006174     -163.4289648141
tdos=    257        1.4000000000        0.0001654622       10.0000337099     -163.4289002990
tdos=    258        1.6000000000        0.0090256294       10.0018388358     -163.4253811294
tdos=    259        1.8000000000        0.4692153837       10.0956819125     -163.2424300630
tdos=    260        2.0000000000        6.8501281649       11.4657075455     -160.5715068664
tdos=    261        2.2000000000        2.6051393239       11.9867354103     -159.5557409007
tdos=    262        2.4000000000        0.0651002407       11.9997554584     -159.5303577635
tdos=    263        2.6000000000        0.0012003106       11.9999955205     -159.5298897522
tdos=    264        2.8000000000        0.0000219871       11.9999999180     -159.5298811792
tdos=    265        3.0000000000        0.0000004027       11.9999999985     -159.5298810222
tdos=    266        3.2000000000        0.0000000074       12.0000000000     -159.5298810193
tdos=    267        3.4000000000        0.0000000001       12.0000000000     -159.5298810193
tdos=    268        3.6000000000        0.0000000000       12.0000000000     -159.5298810193
tdos=    269        3.8000000000        0.0000000000       12.0000000000     -159.5298810193
tdos=    270        4.0000000000        0.0000000000       12.0000000000     -159.5298810193
tdos=    271        4.2000000000        0.0000000000       12.0000000000     -159.5298810193
tdos=    272        4.4000000000        0.0000000000       12.0000000000     -159.5298810193
tdos=    273        4.6000000000        0.0000000000       12.0000000000     -159.5298810193
tdos=    274        4.8000000000        0.0000000000       12.0000000000     -159.5298810193
tdos=    275        5.0000000000        0.0000000000       12.0000000000     -159.5298810193
tdos=    276        5.2000000000        0.0000000000       12.0000000000     -159.5298810193
tdos=    277        5.4000000000        0.0000000000       12.0000000000     -159.5298810193
tdos=    278        5.6000000000        0.0000000000       12.0000000000     -159.5298810193
tdos=    279        5.8000000000        0.0000000000       12.0000000000     -159.5298810193
tdos=    280        6.0000000000        0.0000000000       12.0000000000     -159.5298810193
tdos=    281        6.2000000000        0.0000000000       12.0000000000     -159.5298810193
tdos=    282        6.4000000000        0.0000000000       12.0000000000     -159.5298810193
tdos=    283        6.6000000000        0.0000000000       12.0000000000     -159.5298810193
tdos=    284        6.8000000000        0.0000000000       12.0000000000     -159.5298810193
tdos=    285        7.0000000000        0.0000000000       12.0000000000     -159.5298810193
tdos=    286        7.2000000000        0.0000000000       12.0000000000     -159.5298810193
tdos=    287        7.4000000000        0.0000000000       12.0000000000     -159.5298810193
tdos=    288        7.6000000000        0.0000000000       12.0000000000     -159.5298810193
tdos=    289        7.8000000000        0.0000000000       12.0000000000     -159.5298810193
tdos=    290        8.0000000000        0.0000000000       12.0000000000     -159.5298810193
tdos=    291        8.2000000000        0.0000000000       12.0000000000     -159.5298810193
tdos=    292        8.4000000000        0.0000000000       12.0000000000     -159.5298810193
tdos=    293        8.6000000000        0.0000000000       12.0000000000     -159.5298810193
tdos=    294        8.8000000000        0.0000000000       12.0000000000     -159.5298810193
tdos=    295        9.0000000000        0.0000000000       12.0000000000     -159.5298810193
tdos=    296        9.2000000000        0.0000000000       12.0000000000     -159.5298810193
tdos=    297        9.4000000000        0.0000000000       12.0000000000     -159.5298810193
tdos=    298        9.6000000000        0.0000000000       12.0000000000     -159.5298810193
tdos=    299        9.8000000000        0.0000000000       12.0000000000     -159.5298810193
tdos=    300       10.0000000000        0.0000000000       12.0000000000     -159.5298810193
tdos=    301       10.2000000000        0.0000000000       12.0000000000     -159.5298810193
tdos=    302       10.4000000000        0.0000000000       12.0000000000     -159.5298810193
tdos=    303       10.6000000000        0.0000000000       12.0000000000     -159.5298810193
tdos=    304       10.8000000000        0.0000000000       12.0000000000     -159.5298810193
tdos=    305       11.0000000000        0.0000000000       12.0000000000     -159.5298810193
tdos=    306       11.2000000000        0.0000000000       12.0000000000     -159.5298810193
tdos=    307       11.4000000000        0.0000000000       12.0000000000     -159.5298810193
tdos=    308       11.6000000000        0.0000000000       12.0000000000     -159.5298810193
tdos=    309       11.8000000000        0.0000000000       12.0000000000     -159.5298810193
tdos=    310       12.0000000000        0.0000000000       12.0000000000     -159.5298810193
tdos=    311       12.2000000000        0.0000000000       12.0000000000     -159.5298810193
tdos=    312       12.4000000000        0.0000000000       12.0000000000     -159.5298810193
tdos=    313       12.6000000000        0.0000000000       12.0000000000     -159.5298810193
tdos=    314       12.8000000000        0.0000000000       12.0000000000     -159.5298810193
tdos=    315       13.0000000000        0.0000000000       12.0000000000     -159.5298810193
tdos=    316       13.2000000000        0.0000000000       12.0000000000     -159.5298810193
tdos=    317       13.4000000000        0.0000000000       12.0000000000     -159.5298810193
tdos=    318       13.6000000000        0.0000000000       12.0000000000     -159.5298810193
tdos=    319       13.8000000000        0.0000000000       12.0000000000     -159.5298810193
tdos=    320       14.0000000000        0.0000000000       12.0000000000     -159.5298810193
tdos=    321       14.2000000000        0.0000000000       12.0000000000     -159.5298810193
tdos=    322       14.4000000000        0.0000000000       12.0000000000     -159.5298810193
tdos=    323       14.6000000000        0.0000000000       12.0000000000     -159.5298810193
tdos=    324       14.8000000000        0.0000000000       12.0000000000     -159.5298810193
tdos=    325       15.0000000000        0.0000000000       12.0000000000     -159.5298810193
tdos=    326       15.2000000000        0.0000000000       12.0000000000     -159.5298810193
tdos=    327       15.4000000000        0.0000000000       12.0000000000     -159.5298810193
tdos=    328       15.6000000000        0.0000000000       12.0000000000     -159.5298810193
tdos=    329       15.8000000000        0.0000000000       12.0000000000     -159.5298810193
tdos=    330       16.0000000000        0.0000000000       12.0000000000     -159.5298810193
tdos=    331       16.2000000000        0.0000000000       12.0000000000     -159.5298810193
tdos=    332       16.4000000000        0.0000000000       12.0000000000     -159.5298810193
tdos=    333       16.6000000000        0.0000000000       12.0000000000     -159.5298810193
tdos=    334       16.8000000000        0.0000000000       12.0000000000     -159.5298810193
tdos=    335       17.0000000000        0.0000000000       12.0000000000     -159.5298810193
tdos=    336       17.2000000000        0.0000000000       12.0000000000     -159.5298810193
tdos=    337       17.4000000000        0.0000000000       12.0000000000     -159.5298810193
tdos=    338       17.6000000000        0.0000000000       12.0000000000     -159.5298810193
tdos=    339       17.8000000000        0.0000000000       12.0000000000     -159.5298810193
tdos=    340       18.0000000000        0.0000000000       12.0000000000     -159.5298810193
tdos=    341       18.2000000000        0.0000000000       12.0000000000     -159.5298810193
tdos=    342       18.4000000000        0.0000000000       12.0000000000     -159.5298810193
tdos=    343       18.6000000000        0.0000000000       12.0000000000     -159.5298810193
tdos=    344       18.8000000000        0.0000000000       12.0000000000     -159.5298810193
tdos=    345       19.0000000000        0.0000000000       12.0000000000     -159.5298810193
tdos=    346       19.2000000000        0.0000000000       12.0000000000     -159.5298810193
tdos=    347       19.4000000000        0.0000000000       12.0000000000     -159.5298810193
tdos=    348       19.6000000000        0.0000000000       12.0000000000     -159.5298810193
tdos=    349       19.8000000000        0.0000000000       12.0000000000     -159.5298810193
tdos=    350       20.0000000000        0.0000000000       12.0000000000     -159.5298810193
tdos=    351       20.2000000000        0.0000000000       12.0000000000     -159.5298810193
tdos=    352       20.4000000000        0.0000000000       12.0000000000     -159.5298810193
tdos=    353       20.6000000000        0.0000000000       12.0000000000     -159.5298810193
tdos=    354       20.8000000000        0.0000000000       12.0000000000     -159.5298810193
tdos=    355       21.0000000000        0.0000000000       12.0000000000     -159.5298810193
tdos=    356       21.2000000000        0.0000000000       12.0000000000     -159.5298810193
tdos=    357       21.4000000000        0.0000000000       12.0000000000     -159.5298810193
tdos=    358       21.6000000000        0.0000000000       12.0000000000     -159.5298810193
tdos=    359       21.8000000000        0.0000000000       12.0000000000     -159.5298810193
tdos=    360       22.0000000000        0.0000000000       12.0000000000     -159.5298810193
tdos=    361       22.2000000000        0.0000000000       12.0000000000     -159.5298810193
tdos=    362       22.4000000000        0.0000000000       12.0000000000     -159.5298810193
tdos=    363       22.6000000000        0.0000000000       12.0000000000     -159.5298810193
tdos=    364       22.8000000000        0.0000000000       12.0000000000     -159.5298810193
tdos=    365       23.0000000000        0.0000000000       12.0000000000     -159.5298810193
tdos=    366       23.2000000000        0.0000000000       12.0000000000     -159.5298810193
tdos=    367       23.4000000000        0.0000000000       12.0000000000     -159.5298810193
tdos=    368       23.6000000000        0.0000000000       12.0000000000     -159.5298810193
tdos=    369       23.8000000000        0.0000000000       12.0000000000     -159.5298810193
tdos=    370       24.0000000000        0.0000000000       12.0000000000     -159.5298810193
tdos=    371       24.2000000000        0.0000000000       12.0000000000     -159.5298810193
tdos=    372       24.4000000000        0.0000000000       12.0000000000     -159.5298810193
tdos=    373       24.6000000000        0.0000000000       12.0000000000     -159.5298810193
tdos=    374       24.8000000000        0.0000000000       12.0000000000     -159.5298810193
tdos=    375       25.0000000000        0.0000000000       12.0000000000     -159.5298810193
tdos=    376       25.2000000000        0.0000000000       12.0000000000     -159.5298810193
tdos=    377       25.4000000000        0.0000000000       12.0000000000     -159.5298810193
tdos=    378       25.6000000000        0.0000000000       12.0000000000     -159.5298810193
tdos=    379       25.8000000000        0.0000000000       12.0000000000     -159.5298810193
tdos=    380       26.0000000000        0.0000000000       12.0000000000     -159.5298810193
tdos=    381       26.2000000000        0.0000000000       12.0000000000     -159.5298810193
tdos=    382       26.4000000000        0.0000000000       12.0000000000     -159.5298810193
tdos=    383       26.6000000000        0.0000000000       12.0000000000     -159.5298810193
tdos=    384       26.8000000000        0.0000000000       12.0000000000     -159.5298810193
tdos=    385       27.0000000000        0.0000000000       12.0000000000     -159.5298810193
tdos=    386       27.2000000000        0.0000000000       12.0000000000     -159.5298810193
tdos=    387       27.4000000000        0.0000000000       12.0000000000     -159.5298810193
tdos=    388       27.6000000000        0.0000000000       12.0000000000     -159.5298810193
tdos=    389       27.8000000000        0.0000000000       12.0000000000     -159.5298810193
tdos=    390       28.0000000000        0.0000000000       12.0000000000     -159.5298810193
tdos=    391       28.2000000000        0.0000000000       12.0000000000     -159.5298810193
tdos=    392       28.4000000000        0.0000000000       12.0000000000     -159.5298810193
tdos=    393       28.6000000000        0.0000000000       12.0000000000     -159.5298810193
tdos=    394       28.8000000000        0.0000000000       12.0000000000     -159.5298810193
tdos=    395       29.0000000000        0.0000000000       12.0000000000     -159.5298810193
tdos=    396       29.2000000000        0.0000000000       12.0000000000     -159.5298810193
tdos=    397       29.4000000000        0.0000000000       12.0000000000     -159.5298810193
tdos=    398       29.6000000000        0.0000000000       12.0000000000     -159.5298810193
tdos=    399       29.8000000000        0.0000000000       12.0000000000     -159.5298810193
tdos=    400       30.0000000000        0.0000000000       12.0000000000     -159.5298810193
tdos=    401       30.2000000000        0.0000000000       12.0000000000     -159.5298810193
tdos=    402       30.4000000000        0.0000000000       12.0000000000     -159.5298810193
tdos=    403       30.6000000000        0.0000000000       12.0000000000     -159.5298810193
tdos=    404       30.8000000000        0.0000000000       12.0000000000     -159.5298810193
tdos=    405       31.0000000000        0.0000000000       12.0000000000     -159.5298810193
tdos=    406       31.2000000000        0.0000000000       12.0000000000     -159.5298810193
tdos=    407       31.4000000000        0.0000000000       12.0000000000     -159.5298810193
tdos=    408       31.6000000000        0.0000000000       12.0000000000     -159.5298810193
tdos=    409       31.8000000000        0.0000000000       12.0000000000     -159.5298810193
tdos=    410       32.0000000000        0.0000000000       12.0000000000     -159.5298810193
tdos=    411       32.2000000000        0.0000000000       12.0000000000     -159.5298810193
tdos=    412       32.4000000000        0.0000000000       12.0000000000     -159.5298810193
tdos=    413       32.6000000000        0.0000000000       12.0000000000     -159.5298810193
tdos=    414       32.8000000000        0.0000000000       12.0000000000     -159.5298810193
tdos=    415       33.0000000000        0.0000000000       12.0000000000     -159.5298810193
tdos=    416       33.2000000000        0.0000000000       12.0000000000     -159.5298810193
tdos=    417       33.4000000000        0.0000000000       12.0000000000     -159.5298810193
tdos=    418       33.6000000000        0.0000000000       12.0000000000     -159.5298810193
tdos=    419       33.8000000000        0.0000000000       12.0000000000     -159.5298810193
tdos=    420       34.0000000000        0.0000000000       12.0000000000     -159.5298810193
tdos=    421       34.2000000000        0.0000000000       12.0000000000     -159.5298810193
tdos=    422       34.4000000000        0.0000000000       12.0000000000     -159.5298810193
tdos=    423       34.6000000000        0.0000000000       12.0000000000     -159.5298810193
tdos=    424       34.8000000000        0.0000000000       12.0000000000     -159.5298810193
tdos=    425       35.0000000000        0.0000000000       12.0000000000     -159.5298810193
tdos=    426       35.2000000000        0.0000000000       12.0000000000     -159.5298810193
tdos=    427       35.4000000000        0.0000000000       12.0000000000     -159.5298810193
tdos=    428       35.6000000000        0.0000000000       12.0000000000     -159.5298810193
tdos=    429       35.8000000000        0.0000000000       12.0000000000     -159.5298810193
tdos=    430       36.0000000000        0.0000000000       12.0000000000     -159.5298810193
tdos=    431       36.2000000000        0.0000000000       12.0000000000     -159.5298810193
tdos=    432       36.4000000000        0.0000000000       12.0000000000     -159.5298810193
tdos=    433       36.6000000000        0.0000000000       12.0000000000     -159.5298810193
tdos=    434       36.8000000000        0.0000000000       12.0000000000     -159.5298810193
tdos=    435       37.0000000000        0.0000000000       12.0000000000     -159.5298810193
tdos=    436       37.2000000000        0.0000000000       12.0000000000     -159.5298810193
tdos=    437       37.4000000000        0.0000000000       12.0000000000     -159.5298810193
tdos=    438       37.6000000000        0.0000000000       12.0000000000     -159.5298810193
tdos=    439       37.8000000000        0.0000000000       12.0000000000     -159.5298810193
tdos=    440       38.0000000000        0.0000000000       12.0000000000     -159.5298810193
tdos=    441       38.2000000000        0.0000000000       12.0000000000     -159.5298810193
tdos=    442       38.4000000000        0.0000000000       12.0000000000     -159.5298810193
tdos=    443       38.6000000000        0.0000000000       12.0000000000     -159.5298810193
tdos=    444       38.8000000000        0.0000000000       12.0000000000     -159.5298810193
tdos=    445       39.0000000000        0.0000000000       12.0000000000     -159.5298810193
tdos=    446       39.2000000000        0.0000000000       12.0000000000     -159.5298810193
tdos=    447       39.4000000000        0.0000000000       12.0000000000     -159.5298810193
tdos=    448       39.6000000000        0.0000000000       12.0000000000     -159.5298810193
tdos=    449       39.8000000000        0.0000000000       12.0000000000     -159.5298810193
tdos=    450       40.0000000000        0.0000000000       12.0000000000     -159.5298810193
tdos=    451       40.2000000000        0.0000000000       12.0000000000     -159.5298810193
tdos=    452       40.4000000000        0.0000000000       12.0000000000     -159.5298810193
tdos=    453       40.6000000000        0.0000000000       12.0000000000     -159.5298810193
tdos=    454       40.8000000000        0.0000000000       12.0000000000     -159.5298810193
tdos=    455       41.0000000000        0.0000000000       12.0000000000     -159.5298810193
tdos=    456       41.2000000000        0.0000000000       12.0000000000     -159.5298810193
tdos=    457       41.4000000000        0.0000000000       12.0000000000     -159.5298810193
tdos=    458       41.6000000000        0.0000000000       12.0000000000     -159.5298810193
tdos=    459       41.8000000000        0.0000000000       12.0000000000     -159.5298810193
tdos=    460       42.0000000000        0.0000000000       12.0000000000     -159.5298810193
tdos=    461       42.2000000000        0.0000000000       12.0000000000     -159.5298810193
tdos=    462       42.4000000000        0.0000000000       12.0000000000     -159.5298810193
tdos=    463       42.6000000000        0.0000000000       12.0000000000     -159.5298810193
tdos=    464       42.8000000000        0.0000000000       12.0000000000     -159.5298810193
tdos=    465       43.0000000000        0.0000000000       12.0000000000     -159.5298810193
tdos=    466       43.2000000000        0.0000000000       12.0000000000     -159.5298810193
tdos=    467       43.4000000000        0.0000000000       12.0000000000     -159.5298810193
tdos=    468       43.6000000000        0.0000000000       12.0000000000     -159.5298810193
tdos=    469       43.8000000000        0.0000000000       12.0000000000     -159.5298810193
tdos=    470       44.0000000000        0.0000000000       12.0000000000     -159.5298810193
tdos=    471       44.2000000000        0.0000000000       12.0000000000     -159.5298810193
tdos=    472       44.4000000000        0.0000000000       12.0000000000     -159.5298810193
tdos=    473       44.6000000000        0.0000000000       12.0000000000     -159.5298810193
tdos=    474       44.8000000000        0.0000000000       12.0000000000     -159.5298810193
tdos=    475       45.0000000000        0.0000000000       12.0000000000     -159.5298810193
tdos=    476       45.2000000000        0.0000000000       12.0000000000     -159.5298810193
tdos=    477       45.4000000000        0.0000000000       12.0000000000     -159.5298810193
tdos=    478       45.6000000000        0.0000000000       12.0000000000     -159.5298810193
tdos=    479       45.8000000000        0.0000000000       12.0000000000     -159.5298810193
tdos=    480       46.0000000000        0.0000000000       12.0000000000     -159.5298810193
tdos=    481       46.2000000000        0.0000000000       12.0000000000     -159.5298810193
tdos=    482       46.4000000000        0.0000000000       12.0000000000     -159.5298810193
tdos=    483       46.6000000000        0.0000000000       12.0000000000     -159.5298810193
tdos=    484       46.8000000000        0.0000000000       12.0000000000     -159.5298810193
tdos=    485       47.0000000000        0.0000000000       12.0000000000     -159.5298810193
tdos=    486       47.2000000000        0.0000000000       12.0000000000     -159.5298810193
tdos=    487       47.4000000000        0.0000000000       12.0000000000     -159.5298810193
tdos=    488       47.6000000000        0.0000000000       12.0000000000     -159.5298810193
tdos=    489       47.8000000000        0.0000000000       12.0000000000     -159.5298810193
tdos=    490       48.0000000000        0.0000000000       12.0000000000     -159.5298810193
tdos=    491       48.2000000000        0.0000000000       12.0000000000     -159.5298810193
tdos=    492       48.4000000000        0.0000000000       12.0000000000     -159.5298810193
tdos=    493       48.6000000000        0.0000000000       12.0000000000     -159.5298810193
tdos=    494       48.8000000000        0.0000000000       12.0000000000     -159.5298810193
tdos=    495       49.0000000000        0.0000000000       12.0000000000     -159.5298810193
tdos=    496       49.2000000000        0.0000000000       12.0000000000     -159.5298810193
tdos=    497       49.4000000000        0.0000000000       12.0000000000     -159.5298810193
tdos=    498       49.6000000000        0.0000000000       12.0000000000     -159.5298810193
tdos=    499       49.8000000000        0.0000000000       12.0000000000     -159.5298810193
tdos=    500       50.0000000000        0.0000000000       12.0000000000     -159.5298810193
tdos=    501       50.2000000000        0.0000000000       12.0000000000     -159.5298810193
tdos=    502       50.4000000000        0.0000000000       12.0000000000     -159.5298810193
tdos=    503       50.6000000000        0.0000000000       12.0000000000     -159.5298810193
tdos=    504       50.8000000000        0.0000000000       12.0000000000     -159.5298810193
tdos=    505       51.0000000000        0.0000000000       12.0000000000     -159.5298810193
tdos=    506       51.2000000000        0.0000000000       12.0000000000     -159.5298810193
tdos=    507       51.4000000000        0.0000000000       12.0000000000     -159.5298810193
tdos=    508       51.6000000000        0.0000000000       12.0000000000     -159.5298810193
tdos=    509       51.8000000000        0.0000000000       12.0000000000     -159.5298810193
tdos=    510       52.0000000000        0.0000000000       12.0000000000     -159.5298810193
tdos=    511       52.2000000000        0.0000000000       12.0000000000     -159.5298810193
tdos=    512       52.4000000000        0.0000000000       12.0000000000     -159.5298810193
tdos=    513       52.6000000000        0.0000000000       12.0000000000     -159.5298810193
tdos=    514       52.8000000000        0.0000000000       12.0000000000     -159.5298810193
tdos=    515       53.0000000000        0.0000000000       12.0000000000     -159.5298810193
tdos=    516       53.2000000000        0.0000000000       12.0000000000     -159.5298810193
tdos=    517       53.4000000000        0.0000000000       12.0000000000     -159.5298810193
tdos=    518       53.6000000000        0.0000000000       12.0000000000     -159.5298810193
tdos=    519       53.8000000000        0.0000000000       12.0000000000     -159.5298810193
tdos=    520       54.0000000000        0.0000000000       12.0000000000     -159.5298810193
tdos=    521       54.2000000000        0.0000000000       12.0000000000     -159.5298810193
tdos=    522       54.4000000000        0.0000000000       12.0000000000     -159.5298810193
tdos=    523       54.6000000000        0.0000000000       12.0000000000     -159.5298810193
tdos=    524       54.8000000000        0.0000000000       12.0000000000     -159.5298810193
tdos=    525       55.0000000000        0.0000000000       12.0000000000     -159.5298810193
tdos=    526       55.2000000000        0.0000000000       12.0000000000     -159.5298810193
tdos=    527       55.4000000000        0.0000000000       12.0000000000     -159.5298810193
tdos=    528       55.6000000000        0.0000000000       12.0000000000     -159.5298810193
tdos=    529       55.8000000000        0.0000000000       12.0000000000     -159.5298810193
tdos=    530       56.0000000000        0.0000000000       12.0000000000     -159.5298810193
tdos=    531       56.2000000000        0.0000000000       12.0000000000     -159.5298810193
tdos=    532       56.4000000000        0.0000000000       12.0000000000     -159.5298810193
tdos=    533       56.6000000000        0.0000000000       12.0000000000     -159.5298810193
tdos=    534       56.8000000000        0.0000000000       12.0000000000     -159.5298810193
tdos=    535       57.0000000000        0.0000000000       12.0000000000     -159.5298810193
tdos=    536       57.2000000000        0.0000000000       12.0000000000     -159.5298810193
tdos=    537       57.4000000000        0.0000000000       12.0000000000     -159.5298810193
tdos=    538       57.6000000000        0.0000000000       12.0000000000     -159.5298810193
tdos=    539       57.8000000000        0.0000000000       12.0000000000     -159.5298810193
tdos=    540       58.0000000000        0.0000000000       12.0000000000     -159.5298810193
tdos=    541       58.2000000000        0.0000000000       12.0000000000     -159.5298810193
tdos=    542       58.4000000000        0.0000000000       12.0000000000     -159.5298810193
tdos=    543       58.6000000000        0.0000000000       12.0000000000     -159.5298810193
tdos=    544       58.8000000000        0.0000000000       12.0000000000     -159.5298810193
tdos=    545       59.0000000000        0.0000000000       12.0000000000     -159.5298810193
tdos=    546       59.2000000000        0.0000000000       12.0000000000     -159.5298810193
tdos=    547       59.4000000000        0.0000000000       12.0000000000     -159.5298810193
tdos=    548       59.6000000000        0.0000000000       12.0000000000     -159.5298810193
tdos=    549       59.8000000000        0.0000000000       12.0000000000     -159.5298810193
tdos=    550       60.0000000000        0.0000000000       12.0000000000     -159.5298810193
tdos=    551       60.2000000000        0.0000000000       12.0000000000     -159.5298810193
tdos=    552       60.4000000000        0.0000000000       12.0000000000     -159.5298810193
tdos=    553       60.6000000000        0.0000000000       12.0000000000     -159.5298810193
tdos=    554       60.8000000000        0.0000000000       12.0000000000     -159.5298810193
tdos=    555       61.0000000000        0.0000000000       12.0000000000     -159.5298810193
tdos=    556       61.2000000000        0.0000000000       12.0000000000     -159.5298810193
tdos=    557       61.4000000000        0.0000000000       12.0000000000     -159.5298810193
tdos=    558       61.6000000000        0.0000000000       12.0000000000     -159.5298810193
tdos=    559       61.8000000000        0.0000000000       12.0000000000     -159.5298810193
tdos=    560       62.0000000000        0.0000000000       12.0000000000     -159.5298810193
tdos=    561       62.2000000000        0.0000000000       12.0000000000     -159.5298810193
tdos=    562       62.4000000000        0.0000000000       12.0000000000     -159.5298810193
tdos=    563       62.6000000000        0.0000000000       12.0000000000     -159.5298810193
tdos=    564       62.8000000000        0.0000000000       12.0000000000     -159.5298810193
tdos=    565       63.0000000000        0.0000000000       12.0000000000     -159.5298810193
tdos=    566       63.2000000000        0.0000000000       12.0000000000     -159.5298810193
tdos=    567       63.4000000000        0.0000000000       12.0000000000     -159.5298810193
tdos=    568       63.6000000000        0.0000000000       12.0000000000     -159.5298810193
tdos=    569       63.8000000000        0.0000000000       12.0000000000     -159.5298810193
tdos=    570       64.0000000000        0.0000000000       12.0000000000     -159.5298810193
tdos=    571       64.2000000000        0.0000000000       12.0000000000     -159.5298810193
tdos=    572       64.4000000000        0.0000000000       12.0000000000     -159.5298810193
tdos=    573       64.6000000000        0.0000000000       12.0000000000     -159.5298810193
tdos=    574       64.8000000000        0.0000000000       12.0000000000     -159.5298810193
tdos=    575       65.0000000000        0.0000000000       12.0000000000     -159.5298810193
tdos=    576       65.2000000000        0.0000000000       12.0000000000     -159.5298810193
tdos=    577       65.4000000000        0.0000000000       12.0000000000     -159.5298810193
tdos=    578       65.6000000000        0.0000000000       12.0000000000     -159.5298810193
tdos=    579       65.8000000000        0.0000000000       12.0000000000     -159.5298810193
tdos=    580       66.0000000000        0.0000000000       12.0000000000     -159.5298810193
tdos=    581       66.2000000000        0.0000000000       12.0000000000     -159.5298810193
tdos=    582       66.4000000000        0.0000000000       12.0000000000     -159.5298810193
tdos=    583       66.6000000000        0.0000000000       12.0000000000     -159.5298810193
tdos=    584       66.8000000000        0.0000000000       12.0000000000     -159.5298810193
tdos=    585       67.0000000000        0.0000000000       12.0000000000     -159.5298810193
tdos=    586       67.2000000000        0.0000000000       12.0000000000     -159.5298810193
tdos=    587       67.4000000000        0.0000000000       12.0000000000     -159.5298810193
tdos=    588       67.6000000000        0.0000000000       12.0000000000     -159.5298810193
tdos=    589       67.8000000000        0.0000000000       12.0000000000     -159.5298810193
tdos=    590       68.0000000000        0.0000000000       12.0000000000     -159.5298810193
tdos=    591       68.2000000000        0.0000000000       12.0000000000     -159.5298810193
tdos=    592       68.4000000000        0.0000000000       12.0000000000     -159.5298810193
tdos=    593       68.6000000000        0.0000000000       12.0000000000     -159.5298810193
tdos=    594       68.8000000000        0.0000000000       12.0000000000     -159.5298810193
tdos=    595       69.0000000000        0.0000000000       12.0000000000     -159.5298810193
tdos=    596       69.2000000000        0.0000000000       12.0000000000     -159.5298810193
tdos=    597       69.4000000000        0.0000000000       12.0000000000     -159.5298810193
tdos=    598       69.6000000000        0.0000000000       12.0000000000     -159.5298810193
tdos=    599       69.8000000000        0.0000000000       12.0000000000     -159.5298810193
tdos=    600       70.0000000000        0.0000000000       12.0000000000     -159.5298810193
tdos=    601       70.2000000000        0.0000000000       12.0000000000     -159.5298810193
tdos=    602       70.4000000000        0.0000000000       12.0000000000     -159.5298810193
tdos=    603       70.6000000000        0.0000000000       12.0000000000     -159.5298810193
tdos=    604       70.8000000000        0.0000000000       12.0000000000     -159.5298810193
tdos=    605       71.0000000000        0.0000000000       12.0000000000     -159.5298810193
tdos=    606       71.2000000000        0.0000000000       12.0000000000     -159.5298810193
tdos=    607       71.4000000000        0.0000000000       12.0000000000     -159.5298810193
tdos=    608       71.6000000000        0.0000000000       12.0000000000     -159.5298810193
tdos=    609       71.8000000000        0.0000000000       12.0000000000     -159.5298810193
tdos=    610       72.0000000000        0.0000000000       12.0000000000     -159.5298810193
tdos=    611       72.2000000000        0.0000000000       12.0000000000     -159.5298810193
tdos=    612       72.4000000000        0.0000000000       12.0000000000     -159.5298810193
tdos=    613       72.6000000000        0.0000000000       12.0000000000     -159.5298810193
tdos=    614       72.8000000000        0.0000000000       12.0000000000     -159.5298810193
tdos=    615       73.0000000000        0.0000000000       12.0000000000     -159.5298810193
tdos=    616       73.2000000000        0.0000000000       12.0000000000     -159.5298810193
tdos=    617       73.4000000000        0.0000000000       12.0000000000     -159.5298810193
tdos=    618       73.6000000000        0.0000000000       12.0000000000     -159.5298810193
tdos=    619       73.8000000000        0.0000000000       12.0000000000     -159.5298810193
tdos=    620       74.0000000000        0.0000000000       12.0000000000     -159.5298810193
tdos=    621       74.2000000000        0.0000000000       12.0000000000     -159.5298810193
tdos=    622       74.4000000000        0.0000000000       12.0000000000     -159.5298810193
tdos=    623       74.6000000000        0.0000000000       12.0000000000     -159.5298810193
tdos=    624       74.8000000000        0.0000000000       12.0000000000     -159.5298810193
tdos=    625       75.0000000000        0.0000000000       12.0000000000     -159.5298810193
tdos=    626       75.2000000000        0.0000000000       12.0000000000     -159.5298810193
tdos=    627       75.4000000000        0.0000000000       12.0000000000     -159.5298810193
tdos=    628       75.6000000000        0.0000000000       12.0000000000     -159.5298810193
tdos=    629       75.8000000000        0.0000000000       12.0000000000     -159.5298810193
tdos=    630       76.0000000000        0.0000000000       12.0000000000     -159.5298810193
tdos=    631       76.2000000000        0.0000000000       12.0000000000     -159.5298810193
tdos=    632       76.4000000000        0.0000000000       12.0000000000     -159.5298810193
tdos=    633       76.6000000000        0.0000000000       12.0000000000     -159.5298810193
tdos=    634       76.8000000000        0.0000000000       12.0000000000     -159.5298810193
tdos=    635       77.0000000000        0.0000000000       12.0000000000     -159.5298810193
tdos=    636       77.2000000000        0.0000000000       12.0000000000     -159.5298810193
tdos=    637       77.4000000000        0.0000000000       12.0000000000     -159.5298810193
tdos=    638       77.6000000000        0.0000000000       12.0000000000     -159.5298810193
tdos=    639       77.8000000000        0.0000000000       12.0000000000     -159.5298810193
tdos=    640       78.0000000000        0.0000000000       12.0000000000     -159.5298810193
tdos=    641       78.2000000000        0.0000000000       12.0000000000     -159.5298810193
tdos=    642       78.4000000000        0.0000000000       12.0000000000     -159.5298810193
tdos=    643       78.6000000000        0.0000000000       12.0000000000     -159.5298810193
tdos=    644       78.8000000000        0.0000000000       12.0000000000     -159.5298810193
tdos=    645       79.0000000000        0.0000000000       12.0000000000     -159.5298810193
tdos=    646       79.2000000000        0.0000000000       12.0000000000     -159.5298810193
tdos=    647       79.4000000000        0.0000000000       12.0000000000     -159.5298810193
tdos=    648       79.6000000000        0.0000000000       12.0000000000     -159.5298810193
tdos=    649       79.8000000000        0.0000000000       12.0000000000     -159.5298810193
tdos=    650       80.0000000000        0.0000000000       12.0000000000     -159.5298810193
tdos=    651       80.2000000000        0.0000000000       12.0000000000     -159.5298810193
tdos=    652       80.4000000000        0.0000000000       12.0000000000     -159.5298810193
tdos=    653       80.6000000000        0.0000000000       12.0000000000     -159.5298810193
tdos=    654       80.8000000000        0.0000000000       12.0000000000     -159.5298810193
tdos=    655       81.0000000000        0.0000000000       12.0000000000     -159.5298810193
tdos=    656       81.2000000000        0.0000000000       12.0000000000     -159.5298810193
tdos=    657       81.4000000000        0.0000000000       12.0000000000     -159.5298810193
tdos=    658       81.6000000000        0.0000000000       12.0000000000     -159.5298810193
tdos=    659       81.8000000000        0.0000000000       12.0000000000     -159.5298810193
tdos=    660       82.0000000000        0.0000000000       12.0000000000     -159.5298810193
tdos=    661       82.2000000000        0.0000000000       12.0000000000     -159.5298810193
tdos=    662       82.4000000000        0.0000000000       12.0000000000     -159.5298810193
tdos=    663       82.6000000000        0.0000000000       12.0000000000     -159.5298810193
tdos=    664       82.8000000000        0.0000000000       12.0000000000     -159.5298810193
tdos=    665       83.0000000000        0.0000000000       12.0000000000     -159.5298810193
tdos=    666       83.2000000000        0.0000000000       12.0000000000     -159.5298810193
tdos=    667       83.4000000000        0.0000000000       12.0000000000     -159.5298810193
tdos=    668       83.6000000000        0.0000000000       12.0000000000     -159.5298810193
tdos=    669       83.8000000000        0.0000000000       12.0000000000     -159.5298810193
tdos=    670       84.0000000000        0.0000000000       12.0000000000     -159.5298810193
tdos=    671       84.2000000000        0.0000000000       12.0000000000     -159.5298810193
tdos=    672       84.4000000000        0.0000000000       12.0000000000     -159.5298810193
tdos=    673       84.6000000000        0.0000000000       12.0000000000     -159.5298810193
tdos=    674       84.8000000000        0.0000000000       12.0000000000     -159.5298810193
tdos=    675       85.0000000000        0.0000000000       12.0000000000     -159.5298810193
tdos=    676       85.2000000000        0.0000000000       12.0000000000     -159.5298810193
tdos=    677       85.4000000000        0.0000000000       12.0000000000     -159.5298810193
tdos=    678       85.6000000000        0.0000000000       12.0000000000     -159.5298810193
tdos=    679       85.8000000000        0.0000000000       12.0000000000     -159.5298810193
tdos=    680       86.0000000000        0.0000000000       12.0000000000     -159.5298810193
tdos=    681       86.2000000000        0.0000000000       12.0000000000     -159.5298810193
tdos=    682       86.4000000000        0.0000000000       12.0000000000     -159.5298810193
tdos=    683       86.6000000000        0.0000000000       12.0000000000     -159.5298810193
tdos=    684       86.8000000000        0.0000000000       12.0000000000     -159.5298810193
tdos=    685       87.0000000000        0.0000000000       12.0000000000     -159.5298810193
tdos=    686       87.2000000000        0.0000000000       12.0000000000     -159.5298810193
tdos=    687       87.4000000000        0.0000000000       12.0000000000     -159.5298810193
tdos=    688       87.6000000000        0.0000000000       12.0000000000     -159.5298810193
tdos=    689       87.8000000000        0.0000000000       12.0000000000     -159.5298810193
tdos=    690       88.0000000000        0.0000000000       12.0000000000     -159.5298810193
tdos=    691       88.2000000000        0.0000000000       12.0000000000     -159.5298810193
tdos=    692       88.4000000000        0.0000000000       12.0000000000     -159.5298810193
tdos=    693       88.6000000000        0.0000000000       12.0000000000     -159.5298810193
tdos=    694       88.8000000000        0.0000000000       12.0000000000     -159.5298810193
tdos=    695       89.0000000000        0.0000000000       12.0000000000     -159.5298810193
tdos=    696       89.2000000000        0.0000000000       12.0000000000     -159.5298810193
tdos=    697       89.4000000000        0.0000000000       12.0000000000     -159.5298810193
tdos=    698       89.6000000000        0.0000000000       12.0000000000     -159.5298810193
tdos=    699       89.8000000000        0.0000000000       12.0000000000     -159.5298810193
tdos=    700       90.0000000000        0.0000000000       12.0000000000     -159.5298810193
tdos=    701       90.2000000000        0.0000000000       12.0000000000     -159.5298810193
tdos=    702       90.4000000000        0.0000000000       12.0000000000     -159.5298810193
tdos=    703       90.6000000000        0.0000000000       12.0000000000     -159.5298810193
tdos=    704       90.8000000000        0.0000000000       12.0000000000     -159.5298810193
tdos=    705       91.0000000000        0.0000000000       12.0000000000     -159.5298810193
tdos=    706       91.2000000000        0.0000000000       12.0000000000     -159.5298810193
tdos=    707       91.4000000000        0.0000000000       12.0000000000     -159.5298810193
tdos=    708       91.6000000000        0.0000000000       12.0000000000     -159.5298810193
tdos=    709       91.8000000000        0.0000000000       12.0000000000     -159.5298810193
tdos=    710       92.0000000000        0.0000000000       12.0000000000     -159.5298810193
tdos=    711       92.2000000000        0.0000000000       12.0000000000     -159.5298810193
tdos=    712       92.4000000000        0.0000000000       12.0000000000     -159.5298810193
tdos=    713       92.6000000000        0.0000000000       12.0000000000     -159.5298810193
tdos=    714       92.8000000000        0.0000000000       12.0000000000     -159.5298810193
tdos=    715       93.0000000000        0.0000000000       12.0000000000     -159.5298810193
tdos=    716       93.2000000000        0.0000000000       12.0000000000     -159.5298810193
tdos=    717       93.4000000000        0.0000000000       12.0000000000     -159.5298810193
tdos=    718       93.6000000000        0.0000000000       12.0000000000     -159.5298810193
tdos=    719       93.8000000000        0.0000000000       12.0000000000     -159.5298810193
tdos=    720       94.0000000000        0.0000000000       12.0000000000     -159.5298810193
tdos=    721       94.2000000000        0.0000000000       12.0000000000     -159.5298810193
tdos=    722       94.4000000000        0.0000000000       12.0000000000     -159.5298810193
tdos=    723       94.6000000000        0.0000000000       12.0000000000     -159.5298810193
tdos=    724       94.8000000000        0.0000000000       12.0000000000     -159.5298810193
tdos=    725       95.0000000000        0.0000000000       12.0000000000     -159.5298810193
tdos=    726       95.2000000000        0.0000000000       12.0000000000     -159.5298810193
tdos=    727       95.4000000000        0.0000000000       12.0000000000     -159.5298810193
tdos=    728       95.6000000000        0.0000000000       12.0000000000     -159.5298810193
tdos=    729       95.8000000000        0.0000000000       12.0000000000     -159.5298810193
tdos=    730       96.0000000000        0.0000000000       12.0000000000     -159.5298810193
tdos=    731       96.2000000000        0.0000000000       12.0000000000     -159.5298810193
tdos=    732       96.4000000000        0.0000000000       12.0000000000     -159.5298810193
tdos=    733       96.6000000000        0.0000000000       12.0000000000     -159.5298810193
tdos=    734       96.8000000000        0.0000000000       12.0000000000     -159.5298810193
tdos=    735       97.0000000000        0.0000000000       12.0000000000     -159.5298810193
tdos=    736       97.2000000000        0.0000000000       12.0000000000     -159.5298810193
tdos=    737       97.4000000000        0.0000000000       12.0000000000     -159.5298810193
tdos=    738       97.6000000000        0.0000000000       12.0000000000     -159.5298810193
tdos=    739       97.8000000000        0.0000000000       12.0000000000     -159.5298810193
tdos=    740       98.0000000000        0.0000000000       12.0000000000     -159.5298810193
tdos=    741       98.2000000000        0.0000000000       12.0000000000     -159.5298810193
tdos=    742       98.4000000000        0.0000000000       12.0000000000     -159.5298810193
tdos=    743       98.6000000000        0.0000000000       12.0000000000     -159.5298810193
tdos=    744       98.8000000000        0.0000000000       12.0000000000     -159.5298810193
tdos=    745       99.0000000000        0.0000000000       12.0000000000     -159.5298810193
tdos=    746       99.2000000000        0.0000000000       12.0000000000     -159.5298810193
tdos=    747       99.4000000000        0.0000000000       12.0000000000     -159.5298810193
tdos=    748       99.6000000000        0.0000000000       12.0000000000     -159.5298810193
tdos=    749       99.8000000000        0.0000000000       12.0000000000     -159.5298810193
tdos=    750      100.0000000000        0.0000000000       12.0000000000     -159.5298810193
tdos=    751      100.2000000000        0.0000000000       12.0000000000     -159.5298810193
tdos=    752      100.4000000000        0.0000000000       12.0000000000     -159.5298810193
tdos=    753      100.6000000000        0.0000000000       12.0000000000     -159.5298810193
tdos=    754      100.8000000000        0.0000000000       12.0000000000     -159.5298810193
tdos=    755      101.0000000000        0.0000000000       12.0000000000     -159.5298810193
tdos=    756      101.2000000000        0.0000000000       12.0000000000     -159.5298810193
tdos=    757      101.4000000000        0.0000000000       12.0000000000     -159.5298810193
tdos=    758      101.6000000000        0.0000000000       12.0000000000     -159.5298810193
tdos=    759      101.8000000000        0.0000000000       12.0000000000     -159.5298810193
tdos=    760      102.0000000000        0.0000000000       12.0000000000     -159.5298810193
tdos=    761      102.2000000000        0.0000000000       12.0000000000     -159.5298810193
tdos=    762      102.4000000000        0.0000000000       12.0000000000     -159.5298810193
tdos=    763      102.6000000000        0.0000000000       12.0000000000     -159.5298810193
tdos=    764      102.8000000000        0.0000000000       12.0000000000     -159.5298810193
tdos=    765      103.0000000000        0.0000000000       12.0000000000     -159.5298810193
tdos=    766      103.2000000000        0.0000000000       12.0000000000     -159.5298810193
tdos=    767      103.4000000000        0.0000000000       12.0000000000     -159.5298810193
tdos=    768      103.6000000000        0.0000000000       12.0000000000     -159.5298810193
tdos=    769      103.8000000000        0.0000000000       12.0000000000     -159.5298810193
tdos=    770      104.0000000000        0.0000000000       12.0000000000     -159.5298810193
tdos=    771      104.2000000000        0.0000000000       12.0000000000     -159.5298810193
tdos=    772      104.4000000000        0.0000000000       12.0000000000     -159.5298810193
tdos=    773      104.6000000000        0.0000000000       12.0000000000     -159.5298810193
tdos=    774      104.8000000000        0.0000000000       12.0000000000     -159.5298810193
tdos=    775      105.0000000000        0.0000000000       12.0000000000     -159.5298810193
tdos=    776      105.2000000000        0.0000000000       12.0000000000     -159.5298810193
tdos=    777      105.4000000000        0.0000000000       12.0000000000     -159.5298810193
tdos=    778      105.6000000000        0.0000000000       12.0000000000     -159.5298810193
tdos=    779      105.8000000000        0.0000000000       12.0000000000     -159.5298810193
tdos=    780      106.0000000000        0.0000000000       12.0000000000     -159.5298810193
tdos=    781      106.2000000000        0.0000000000       12.0000000000     -159.5298810193
tdos=    782      106.4000000000        0.0000000000       12.0000000000     -159.5298810193
tdos=    783      106.6000000000        0.0000000000       12.0000000000     -159.5298810193
tdos=    784      106.8000000000        0.0000000000       12.0000000000     -159.5298810193
tdos=    785      107.0000000000        0.0000000000       12.0000000000     -159.5298810193
tdos=    786      107.2000000000        0.0000000000       12.0000000000     -159.5298810193
tdos=    787      107.4000000000        0.0000000000       12.0000000000     -159.5298810193
tdos=    788      107.6000000000        0.0000000000       12.0000000000     -159.5298810193
tdos=    789      107.8000000000        0.0000000000       12.0000000000     -159.5298810193
tdos=    790      108.0000000000        0.0000000000       12.0000000000     -159.5298810193
tdos=    791      108.2000000000        0.0000000000       12.0000000000     -159.5298810193
tdos=    792      108.4000000000        0.0000000000       12.0000000000     -159.5298810193
tdos=    793      108.6000000000        0.0000000000       12.0000000000     -159.5298810193
tdos=    794      108.8000000000        0.0000000000       12.0000000000     -159.5298810193
tdos=    795      109.0000000000        0.0000000000       12.0000000000     -159.5298810193
tdos=    796      109.2000000000        0.0000000000       12.0000000000     -159.5298810193
tdos=    797      109.4000000000        0.0000000000       12.0000000000     -159.5298810193
tdos=    798      109.6000000000        0.0000000000       12.0000000000     -159.5298810193
tdos=    799      109.8000000000        0.0000000000       12.0000000000     -159.5298810193
tdos=    800      110.0000000000        0.0000000000       12.0000000000     -159.5298810193
tdos=    801      110.2000000000        0.0000000000       12.0000000000     -159.5298810193
tdos=    802      110.4000000000        0.0000000000       12.0000000000     -159.5298810193
tdos=    803      110.6000000000        0.0000000000       12.0000000000     -159.5298810193
tdos=    804      110.8000000000        0.0000000000       12.0000000000     -159.5298810193
tdos=    805      111.0000000000        0.0000000000       12.0000000000     -159.5298810193
tdos=    806      111.2000000000        0.0000000000       12.0000000000     -159.5298810193
tdos=    807      111.4000000000        0.0000000000       12.0000000000     -159.5298810193
tdos=    808      111.6000000000        0.0000000000       12.0000000000     -159.5298810193
tdos=    809      111.8000000000        0.0000000000       12.0000000000     -159.5298810193
tdos=    810      112.0000000000        0.0000000000       12.0000000000     -159.5298810193
tdos=    811      112.2000000000        0.0000000000       12.0000000000     -159.5298810193
tdos=    812      112.4000000000        0.0000000000       12.0000000000     -159.5298810193
tdos=    813      112.6000000000        0.0000000000       12.0000000000     -159.5298810193
tdos=    814      112.8000000000        0.0000000000       12.0000000000     -159.5298810193
tdos=    815      113.0000000000        0.0000000000       12.0000000000     -159.5298810193
tdos=    816      113.2000000000        0.0000000000       12.0000000000     -159.5298810193
tdos=    817      113.4000000000        0.0000000000       12.0000000000     -159.5298810193
tdos=    818      113.6000000000        0.0000000000       12.0000000000     -159.5298810193
tdos=    819      113.8000000000        0.0000000000       12.0000000000     -159.5298810193
tdos=    820      114.0000000000        0.0000000000       12.0000000000     -159.5298810193
tdos=    821      114.2000000000        0.0000000000       12.0000000000     -159.5298810193
tdos=    822      114.4000000000        0.0000000000       12.0000000000     -159.5298810193
tdos=    823      114.6000000000        0.0000000000       12.0000000000     -159.5298810193
tdos=    824      114.8000000000        0.0000000000       12.0000000000     -159.5298810193
tdos=    825      115.0000000000        0.0000000000       12.0000000000     -159.5298810193
tdos=    826      115.2000000000        0.0000000000       12.0000000000     -159.5298810193
tdos=    827      115.4000000000        0.0000000000       12.0000000000     -159.5298810193
tdos=    828      115.6000000000        0.0000000000       12.0000000000     -159.5298810193
tdos=    829      115.8000000000        0.0000000000       12.0000000000     -159.5298810193
tdos=    830      116.0000000000        0.0000000000       12.0000000000     -159.5298810193
tdos=    831      116.2000000000        0.0000000000       12.0000000000     -159.5298810193
tdos=    832      116.4000000000        0.0000000000       12.0000000000     -159.5298810193
tdos=    833      116.6000000000        0.0000000000       12.0000000000     -159.5298810193
tdos=    834      116.8000000000        0.0000000000       12.0000000000     -159.5298810193
tdos=    835      117.0000000000        0.0000000000       12.0000000000     -159.5298810193
tdos=    836      117.2000000000        0.0000000000       12.0000000000     -159.5298810193
tdos=    837      117.4000000000        0.0000000000       12.0000000000     -159.5298810193
tdos=    838      117.6000000000        0.0000000000       12.0000000000     -159.5298810193
tdos=    839      117.8000000000        0.0000000000       12.0000000000     -159.5298810193
tdos=    840      118.0000000000        0.0000000000       12.0000000000     -159.5298810193
tdos=    841      118.2000000000        0.0000000000       12.0000000000     -159.5298810193
tdos=    842      118.4000000000        0.0000000000       12.0000000000     -159.5298810193
tdos=    843      118.6000000000        0.0000000000       12.0000000000     -159.5298810193
tdos=    844      118.8000000000        0.0000000000       12.0000000000     -159.5298810193
tdos=    845      119.0000000000        0.0000000000       12.0000000000     -159.5298810193
tdos=    846      119.2000000000        0.0000000000       12.0000000000     -159.5298810193
tdos=    847      119.4000000000        0.0000000000       12.0000000000     -159.5298810193
tdos=    848      119.6000000000        0.0000000000       12.0000000000     -159.5298810193
tdos=    849      119.8000000000        0.0000000000       12.0000000000     -159.5298810193
tdos=    850      120.0000000000        0.0000000000       12.0000000000     -159.5298810193
tdos=    851      120.2000000000        0.0000000000       12.0000000000     -159.5298810193
tdos=    852      120.4000000000        0.0000000000       12.0000000000     -159.5298810193
tdos=    853      120.6000000000        0.0000000000       12.0000000000     -159.5298810193
tdos=    854      120.8000000000        0.0000000000       12.0000000000     -159.5298810193
tdos=    855      121.0000000000        0.0000000000       12.0000000000     -159.5298810193
tdos=    856      121.2000000000        0.0000000000       12.0000000000     -159.5298810193
tdos=    857      121.4000000000        0.0000000000       12.0000000000     -159.5298810193
tdos=    858      121.6000000000        0.0000000000       12.0000000000     -159.5298810193
tdos=    859      121.8000000000        0.0000000000       12.0000000000     -159.5298810193
tdos=    860      122.0000000000        0.0000000000       12.0000000000     -159.5298810193
tdos=    861      122.2000000000        0.0000000000       12.0000000000     -159.5298810193
tdos=    862      122.4000000000        0.0000000000       12.0000000000     -159.5298810193
tdos=    863      122.6000000000        0.0000000000       12.0000000000     -159.5298810193
tdos=    864      122.8000000000        0.0000000000       12.0000000000     -159.5298810193
tdos=    865      123.0000000000        0.0000000000       12.0000000000     -159.5298810193
tdos=    866      123.2000000000        0.0000000000       12.0000000000     -159.5298810193
tdos=    867      123.4000000000        0.0000000000       12.0000000000     -159.5298810193
tdos=    868      123.6000000000        0.0000000000       12.0000000000     -159.5298810193
tdos=    869      123.8000000000        0.0000000000       12.0000000000     -159.5298810193
tdos=    870      124.0000000000        0.0000000000       12.0000000000     -159.5298810193
tdos=    871      124.2000000000        0.0000000000       12.0000000000     -159.5298810193
tdos=    872      124.4000000000        0.0000000000       12.0000000000     -159.5298810193
tdos=    873      124.6000000000        0.0000000000       12.0000000000     -159.5298810193
tdos=    874      124.8000000000        0.0000000000       12.0000000000     -159.5298810193
tdos=    875      125.0000000000        0.0000000000       12.0000000000     -159.5298810193
tdos=    876      125.2000000000        0.0000000000       12.0000000000     -159.5298810193
tdos=    877      125.4000000000        0.0000000000       12.0000000000     -159.5298810193
tdos=    878      125.6000000000        0.0000000000       12.0000000000     -159.5298810193
tdos=    879      125.8000000000        0.0000000000       12.0000000000     -159.5298810193
tdos=    880      126.0000000000        0.0000000000       12.0000000000     -159.5298810193
tdos=    881      126.2000000000        0.0000000000       12.0000000000     -159.5298810193
tdos=    882      126.4000000000        0.0000000000       12.0000000000     -159.5298810193
tdos=    883      126.6000000000        0.0000000000       12.0000000000     -159.5298810193
tdos=    884      126.8000000000        0.0000000000       12.0000000000     -159.5298810193
tdos=    885      127.0000000000        0.0000000000       12.0000000000     -159.5298810193
tdos=    886      127.2000000000        0.0000000000       12.0000000000     -159.5298810193
tdos=    887      127.4000000000        0.0000000000       12.0000000000     -159.5298810193
tdos=    888      127.6000000000        0.0000000000       12.0000000000     -159.5298810193
tdos=    889      127.8000000000        0.0000000000       12.0000000000     -159.5298810193
tdos=    890      128.0000000000        0.0000000000       12.0000000000     -159.5298810193
tdos=    891      128.2000000000        0.0000000000       12.0000000000     -159.5298810193
tdos=    892      128.4000000000        0.0000000000       12.0000000000     -159.5298810193
tdos=    893      128.6000000000        0.0000000000       12.0000000000     -159.5298810193
tdos=    894      128.8000000000        0.0000000000       12.0000000000     -159.5298810193
tdos=    895      129.0000000000        0.0000000000       12.0000000000     -159.5298810193
tdos=    896      129.2000000000        0.0000000000       12.0000000000     -159.5298810193
tdos=    897      129.4000000000        0.0000000000       12.0000000000     -159.5298810193
tdos=    898      129.6000000000        0.0000000000       12.0000000000     -159.5298810193
tdos=    899      129.8000000000        0.0000000000       12.0000000000     -159.5298810193
tdos=    900      130.0000000000        0.0000000000       12.0000000000     -159.5298810193
tdos=    901      130.2000000000        0.0000000000       12.0000000000     -159.5298810193
tdos=    902      130.4000000000        0.0000000000       12.0000000000     -159.5298810193
tdos=    903      130.6000000000        0.0000000000       12.0000000000     -159.5298810193
tdos=    904      130.8000000000        0.0000000000       12.0000000000     -159.5298810193
tdos=    905      131.0000000000        0.0000000000       12.0000000000     -159.5298810193
tdos=    906      131.2000000000        0.0000000000       12.0000000000     -159.5298810193
tdos=    907      131.4000000000        0.0000000000       12.0000000000     -159.5298810193
tdos=    908      131.6000000000        0.0000000000       12.0000000000     -159.5298810193
tdos=    909      131.8000000000        0.0000000000       12.0000000000     -159.5298810193
tdos=    910      132.0000000000        0.0000000000       12.0000000000     -159.5298810193
tdos=    911      132.2000000000        0.0000000000       12.0000000000     -159.5298810193
tdos=    912      132.4000000000        0.0000000000       12.0000000000     -159.5298810193
tdos=    913      132.6000000000        0.0000000000       12.0000000000     -159.5298810193
tdos=    914      132.8000000000        0.0000000000       12.0000000000     -159.5298810193
tdos=    915      133.0000000000        0.0000000000       12.0000000000     -159.5298810193
tdos=    916      133.2000000000        0.0000000000       12.0000000000     -159.5298810193
tdos=    917      133.4000000000        0.0000000000       12.0000000000     -159.5298810193
tdos=    918      133.6000000000        0.0000000000       12.0000000000     -159.5298810193
tdos=    919      133.8000000000        0.0000000000       12.0000000000     -159.5298810193
tdos=    920      134.0000000000        0.0000000000       12.0000000000     -159.5298810193
tdos=    921      134.2000000000        0.0000000000       12.0000000000     -159.5298810193
tdos=    922      134.4000000000        0.0000000000       12.0000000000     -159.5298810193
tdos=    923      134.6000000000        0.0000000000       12.0000000000     -159.5298810193
tdos=    924      134.8000000000        0.0000000000       12.0000000000     -159.5298810193
tdos=    925      135.0000000000        0.0000000000       12.0000000000     -159.5298810193
tdos=    926      135.2000000000        0.0000000000       12.0000000000     -159.5298810193
tdos=    927      135.4000000000        0.0000000000       12.0000000000     -159.5298810193
tdos=    928      135.6000000000        0.0000000000       12.0000000000     -159.5298810193
tdos=    929      135.8000000000        0.0000000000       12.0000000000     -159.5298810193
tdos=    930      136.0000000000        0.0000000000       12.0000000000     -159.5298810193
tdos=    931      136.2000000000        0.0000000000       12.0000000000     -159.5298810193
tdos=    932      136.4000000000        0.0000000000       12.0000000000     -159.5298810193
tdos=    933      136.6000000000        0.0000000000       12.0000000000     -159.5298810193
tdos=    934      136.8000000000        0.0000000000       12.0000000000     -159.5298810193
tdos=    935      137.0000000000        0.0000000000       12.0000000000     -159.5298810193
tdos=    936      137.2000000000        0.0000000000       12.0000000000     -159.5298810193
tdos=    937      137.4000000000        0.0000000000       12.0000000000     -159.5298810193
tdos=    938      137.6000000000        0.0000000000       12.0000000000     -159.5298810193
tdos=    939      137.8000000000        0.0000000000       12.0000000000     -159.5298810193
tdos=    940      138.0000000000        0.0000000000       12.0000000000     -159.5298810193
tdos=    941      138.2000000000        0.0000000000       12.0000000000     -159.5298810193
tdos=    942      138.4000000000        0.0000000000       12.0000000000     -159.5298810193
tdos=    943      138.6000000000        0.0000000000       12.0000000000     -159.5298810193
tdos=    944      138.8000000000        0.0000000000       12.0000000000     -159.5298810193
tdos=    945      139.0000000000        0.0000000000       12.0000000000     -159.5298810193
tdos=    946      139.2000000000        0.0000000000       12.0000000000     -159.5298810193
tdos=    947      139.4000000000        0.0000000000       12.0000000000     -159.5298810193
tdos=    948      139.6000000000        0.0000000000       12.0000000000     -159.5298810193
tdos=    949      139.8000000000        0.0000000000       12.0000000000     -159.5298810193
tdos=    950      140.0000000000        0.0000000000       12.0000000000     -159.5298810193
tdos=    951      140.2000000000        0.0000000000       12.0000000000     -159.5298810193
tdos=    952      140.4000000000        0.0000000000       12.0000000000     -159.5298810193
tdos=    953      140.6000000000        0.0000000000       12.0000000000     -159.5298810193
tdos=    954      140.8000000000        0.0000000000       12.0000000000     -159.5298810193
tdos=    955      141.0000000000        0.0000000000       12.0000000000     -159.5298810193
tdos=    956      141.2000000000        0.0000000000       12.0000000000     -159.5298810193
tdos=    957      141.4000000000        0.0000000000       12.0000000000     -159.5298810193
tdos=    958      141.6000000000        0.0000000000       12.0000000000     -159.5298810193
tdos=    959      141.8000000000        0.0000000000       12.0000000000     -159.5298810193
tdos=    960      142.0000000000        0.0000000000       12.0000000000     -159.5298810193
tdos=    961      142.2000000000        0.0000000000       12.0000000000     -159.5298810193
tdos=    962      142.4000000000        0.0000000000       12.0000000000     -159.5298810193
tdos=    963      142.6000000000        0.0000000000       12.0000000000     -159.5298810193
tdos=    964      142.8000000000        0.0000000000       12.0000000000     -159.5298810193
tdos=    965      143.0000000000        0.0000000000       12.0000000000     -159.5298810193
tdos=    966      143.2000000000        0.0000000000       12.0000000000     -159.5298810193
tdos=    967      143.4000000000        0.0000000000       12.0000000000     -159.5298810193
tdos=    968      143.6000000000        0.0000000000       12.0000000000     -159.5298810193
tdos=    969      143.8000000000        0.0000000000       12.0000000000     -159.5298810193
tdos=    970      144.0000000000        0.0000000000       12.0000000000     -159.5298810193
tdos=    971      144.2000000000        0.0000000000       12.0000000000     -159.5298810193
tdos=    972      144.4000000000        0.0000000000       12.0000000000     -159.5298810193
tdos=    973      144.6000000000        0.0000000000       12.0000000000     -159.5298810193
tdos=    974      144.8000000000        0.0000000000       12.0000000000     -159.5298810193
tdos=    975      145.0000000000        0.0000000000       12.0000000000     -159.5298810193
tdos=    976      145.2000000000        0.0000000000       12.0000000000     -159.5298810193
tdos=    977      145.4000000000        0.0000000000       12.0000000000     -159.5298810193
tdos=    978      145.6000000000        0.0000000000       12.0000000000     -159.5298810193
tdos=    979      145.8000000000        0.0000000000       12.0000000000     -159.5298810193
tdos=    980      146.0000000000        0.0000000000       12.0000000000     -159.5298810193
tdos=    981      146.2000000000        0.0000000000       12.0000000000     -159.5298810193
tdos=    982      146.4000000000        0.0000000000       12.0000000000     -159.5298810193
tdos=    983      146.6000000000        0.0000000000       12.0000000000     -159.5298810193
tdos=    984      146.8000000000        0.0000000000       12.0000000000     -159.5298810193
tdos=    985      147.0000000000        0.0000000000       12.0000000000     -159.5298810193
tdos=    986      147.2000000000        0.0000000000       12.0000000000     -159.5298810193
tdos=    987      147.4000000000        0.0000000000       12.0000000000     -159.5298810193
tdos=    988      147.6000000000        0.0000000000       12.0000000000     -159.5298810193
tdos=    989      147.8000000000        0.0000000000       12.0000000000     -159.5298810193
tdos=    990      148.0000000000        0.0000000000       12.0000000000     -159.5298810193
tdos=    991      148.2000000000        0.0000000000       12.0000000000     -159.5298810193
tdos=    992      148.4000000000        0.0000000000       12.0000000000     -159.5298810193
tdos=    993      148.6000000000        0.0000000000       12.0000000000     -159.5298810193
tdos=    994      148.8000000000        0.0000000000       12.0000000000     -159.5298810193
tdos=    995      149.0000000000        0.0000000000       12.0000000000     -159.5298810193
tdos=    996      149.2000000000        0.0000000000       12.0000000000     -159.5298810193
tdos=    997      149.4000000000        0.0000000000       12.0000000000     -159.5298810193
tdos=    998      149.6000000000        0.0000000000       12.0000000000     -159.5298810193
tdos=    999      149.8000000000        0.0000000000       12.0000000000     -159.5298810193
tdos=   1000      150.0000000000        0.0000000000       12.0000000000     -159.5298810193
