         3         6
     18.89726878      0.00000000      0.00000000    0
      0.00000000     18.89726878      0.00000000    0
      0.00000000      0.00000000     18.89726878    0
 1
       1
     1
     0
 1.300E+00
 0.000E+00
 0.000E+00
 0.000E+00
      1.272615797738753      1.643606071314513      0.000000000000000
 1
       1
     1
     0
 1.300E+00
 0.000E+00
 0.000E+00
 0.000E+00
      1.272615797738753     -1.643606071314513      0.000000000000000
 8
       4
     2     2     2     2
     0     1     1     1
 4.976E+00 1.907E+00 1.907E+00 1.907E+00
 0.000E+00 0.000E+00 0.000E+00 0.000E+00
 0.000E+00 0.000E+00 0.000E+00 0.000E+00
 0.000E+00 0.000E+00 0.000E+00 0.000E+00
      0.000000000000000      0.000000000000000      0.000000000000000
         1        0.081037600826855   k=         1
         2        0.081037600826855   k=         1
         3        0.972195290935789   k=         1
         4       -0.014374514525363   k=         1
         5        0.000000000000000   k=         1
         6        0.000000000000000   k=         1
         1        0.442370284459880   k=         2
         2       -0.442370284459880   k=         2
         3        0.000000000000000   k=         2
         4        0.000000000000000   k=         2
         5        0.576205673685892   k=         2
         6        0.000000000000000   k=         2
         1        0.455295795008282   k=         3
         2        0.455295795008282   k=         3
         3       -0.212054231483562   k=         3
         4        0.527060579308812   k=         3
         5        0.000000000000000   k=         3
         6        0.000000000000000   k=         3
         1        0.000000000000000   k=         4
         2        0.000000000000000   k=         4
         3        0.000000000000000   k=         4
         4        0.000000000000000   k=         4
         5        0.000000000000000   k=         4
         6        1.000000000000000   k=         4
         1       -0.538260927031474   k=         5
         2       -0.538260927031474   k=         5
         3        0.208150489693734   k=         5
         4        0.924747236730362   k=         5
         5        0.000000000000000   k=         5
         6        0.000000000000000   k=         5
         1       -0.780541489817254   k=         6
         2        0.780541489817254   k=         6
         3       -0.000000000000000   k=         6
         4       -0.000000000000000   k=         6
         5        1.011437945227149   k=         6
         6        0.000000000000000   k=         6
