         1     -0.833278484900
         2     -0.817295000980
         3     -0.814775887172
         4     -0.790354566870
         5     -0.787880720013
         6     -0.775474184919
         7     -0.773511788091
         8     -0.769782719357
         9     -0.769008225966
        10     -0.765033136040
        11     -0.761101911329
        12     -0.729318498024
        13     -0.726999645181
        14     -0.720852188738
        15     -0.717114138188
        16     -0.699266945000
        17     -0.692234812309
        18     -0.667357023573
        19     -0.664937027205
        20     -0.662746788363
        21     -0.660252383583
        22     -0.656329288493
        23     -0.653501834363
        24     -0.650438877667
        25     -0.649277034919
        26     -0.646308492612
        27     -0.643892100026
        28     -0.622140098759
        29     -0.621831681829
        30     -0.616816788537
        31     -0.612868967952
        32     -0.605931474498
        33     -0.598611734810
        34     -0.583053542684
        35     -0.575999841446
        36     -0.574871569086
        37     -0.572455498728
        38     -0.569670686788
        39     -0.568934373479
        40     -0.566809633505
        41     -0.560016055133
        42     -0.544200193975
        43     -0.533279107115
        44     -0.529618664437
        45     -0.527694682807
        46     -0.525473160638
        47     -0.514770974489
        48     -0.512019188243
        49     -0.508147330389
        50     -0.504879892195
        51     -0.450047832960
        52     -0.442580113356
        53     -0.440415957304
        54     -0.439583568820
        55     -0.438204586359
        56     -0.437135681460
        57     -0.433936779245
        58     -0.430681789722
        59     -0.426513249399
        60     -0.422098962024
        61     -0.420517982128
        62     -0.418832665312
        63     -0.416185171125
        64     -0.396914012299
        65     -0.390612121377
        66     -0.388640627976
        67     -0.387600803816
        68     -0.386805749888
        69     -0.383940528809
        70     -0.379374860744
        71     -0.376851086105
        72     -0.376235639956
        73     -0.370186343257
        74     -0.353777247536
        75     -0.350338730118
        76     -0.346283593030
        77     -0.343268888538
        78     -0.338310515851
        79     -0.336018000054
        80     -0.333636814276
        81     -0.330469896579
        82     -0.328257331972
        83     -0.325873403733
        84     -0.322845827307
        85     -0.321676360420
        86     -0.320751907276
        87     -0.319920669343
        88     -0.315060116730
        89     -0.314725867467
        90     -0.312173379795
        91     -0.310967951987
        92     -0.310630676758
        93     -0.309144339535
        94     -0.307174715982
        95     -0.304674224349
        96     -0.296138355402
        97     -0.295318767153
        98     -0.291573063788
        99     -0.289275535490
       100     -0.287459907856
       101     -0.285903333126
       102     -0.283565365882
       103     -0.280229337162
       104     -0.278429367500
       105     -0.277368540459
       106     -0.276156913412
       107     -0.274475522743
       108     -0.273574435094
       109     -0.272574034659
       110     -0.272235963334
       111     -0.267497064149
       112     -0.266361859789
       113     -0.264816751859
       114     -0.263782070186
       115     -0.262438080851
       116     -0.260273439665
       117     -0.257333592844
       118     -0.256614539308
       119     -0.256017794238
       120     -0.252860844994
       121     -0.251519201761
       122     -0.249397679496
       123     -0.236934977781
       124     -0.231949613180
       125     -0.230521078902
       126     -0.228248478529
       127     -0.226069699352
       128     -0.222683804324
       129     -0.219890140870
       130     -0.219013074950
       131     -0.217179265588
       132     -0.212698385512
       133     -0.210664826408
       134     -0.206288968608
       135     -0.199990483737
       136     -0.195104729530
       137     -0.194479677619
       138     -0.191063886110
       139     -0.188103940851
       140     -0.186848101345
       141     -0.185255610602
       142     -0.183835315509
       143     -0.181514081428
       144     -0.180348536896
       145     -0.177712284935
       146     -0.168468845656
       147     -0.160457884270
       148     -0.150195714867
       149     -0.141664230253
       150     -0.128114526641
       151     -0.057698724057
       152     -0.054345061011
       153     -0.045698075203
       154     -0.043927055207
       155     -0.043108089354
       156     -0.039511350612
       157     -0.038107168045
       158     -0.034811666355
       159     -0.033358587772
       160     -0.031974952552
       161     -0.030261894887
       162     -0.014569014003
       163     -0.014438210964
       164     -0.012038181062
       165     -0.011243234285
       166      0.002921785208
       167      0.003259134716
       168      0.017332677979
       169      0.018917420321
       170      0.019954130765
       171      0.021720292935
       172      0.022906822549
       173      0.024098166809
       174      0.024278807395
       175      0.025119279544
       176      0.026261264151
       177      0.026874024863
       178      0.037899335650
       179      0.038087520923
       180      0.040115098171
       181      0.040581337410
       182      0.046587083381
       183      0.051929574816
       184      0.061221030196
       185      0.061914690627
       186      0.062440479949
       187      0.062629246747
       188      0.066777084132
       189      0.068462270002
       190      0.070208704209
       191      0.073309905908
       192      0.076350940836
       193      0.087232308640
       194      0.087942457485
       195      0.088593429623
       196      0.090317555641
       197      0.099125393869
       198      0.101830435966
       199      0.103590698605
       200      0.105767232709
       201      0.161524818718
       202      0.164652442832
       203      0.171879400780
       204      0.172964395536
       205      0.176603547888
       206      0.177832512084
       207      0.178804922364
       208      0.180468766132
       209      0.197890522281
       210      0.199163532002
       211      0.199599163956
       212      0.200606966998
       213      0.201076977308
       214      0.202195599034
       215      0.202764030162
       216      0.204262132115
       217      0.207426085555
       218      0.220173464031
       219      0.220447077609
       220      0.221146433875
       221      0.221829040810
       222      0.222961971808
       223      0.227394447048
       224      0.231861152626
       225      0.233101653312
       226      0.237449653103
       227      0.238883427755
       228      0.240330610782
       229      0.240634431379
       230      0.243151567195
       231      0.244784729029
       232      0.245047075844
       233      0.248306338133
       234      0.265557576205
       235      0.266079631869
       236      0.271091888561
       237      0.273225944249
       238      0.276106548869
       239      0.276501490493
       240      0.286119508236
       241      0.288225445035
       242      0.293723421106
       243      0.295339907912
       244      0.297932505341
       245      0.299424522612
       246      0.301391591836
       247      0.302291292419
       248      0.305483800482
       249      0.317886000478
       250      0.320447133369
       251      0.401545828771
       252      0.412882541571
       253      0.416907611318
       254      0.423321730194
       255      0.425583893760
       256      0.426384120955
       257      0.430772933958
       258      0.432263215706
       259      0.435285987205
       260      0.435733432079
       261      0.439340279857
       262      0.440398979273
       263      0.442074819633
       264      0.443120451336
       265      0.443669999057
       266      0.446492582991
       267      0.448265005387
       268      0.450409828760
       269      0.452451663392
       270      0.453652327516
       271      0.454118394005
       272      0.456439716858
       273      0.458479007169
       274      0.459124193767
       275      0.459534088186
       276      0.460466104898
       277      0.461988961324
       278      0.463838688442
       279      0.465497933971
       280      0.466309852058
       281      0.467463031634
       282      0.468780295881
       283      0.469611113613
       284      0.470050411851
       285      0.470543374803
       286      0.471973458251
       287      0.472610622533
       288      0.473646401120
       289      0.474793307043
       290      0.475555685186
       291      0.476466762796
       292      0.477694100286
       293      0.478756140047
       294      0.480048098730
       295      0.481674013235
       296      0.482350515345
       297      0.483065324555
       298      0.484279261579
       299      0.484950320893
       300      0.485468391810
       301      0.486437248522
       302      0.488596205481
       303      0.489027551584
       304      0.489941825338
       305      0.491695885444
       306      0.493658803315
       307      0.493836933385
       308      0.494417135561
       309      0.495010862359
       310      0.496068094466
       311      0.498649322671
       312      0.499244578450
       313      0.500455801072
       314      0.502205119739
       315      0.502803045191
       316      0.504533117400
       317      0.505959383949
       318      0.506161113796
       319      0.509411462672
       320      0.511212287563
       321      0.512448420340
       322      0.514474377150
       323      0.515678044739
       324      0.516206436501
       325      0.517971888077
       326      0.518457231732
       327      0.518964858766
       328      0.520253830154
       329      0.521698253678
       330      0.523655459232
       331      0.524728671308
       332      0.526050614793
       333      0.527281033116
       334      0.528891539397
       335      0.530018214182
       336      0.532640630320
       337      0.533166252512
       338      0.536209576277
       339      0.537975297112
       340      0.538804332709
       341      0.540490726115
       342      0.541474972153
       343      0.543957876109
       344      0.545380758461
       345      0.546246987897
       346      0.547364140840
       347      0.548231769218
       348      0.551914994431
       349      0.553943968912
       350      0.560977065464
       351      0.564142550484
       352      0.565147166241
       353      0.567432467227
       354      0.569536793288
       355      0.570353617346
       356      0.570728248526
       357      0.573475424166
       358      0.574036378017
       359      0.575778456327
       360      0.577463885258
       361      0.578209751055
       362      0.579812775606
       363      0.580275945316
       364      0.582276888224
       365      0.582836826913
       366      0.583398901016
       367      0.584702906137
       368      0.585651108995
       369      0.587574561828
       370      0.588351911036
       371      0.588667889034
       372      0.589119336008
       373      0.590716841072
       374      0.591452796263
       375      0.592486351584
       376      0.592814407624
       377      0.593837706145
       378      0.595335582182
       379      0.596183895348
       380      0.596654549073
       381      0.599260579667
       382      0.600297963715
       383      0.601647539939
       384      0.602752900522
       385      0.605664556489
       386      0.606038741274
       387      0.609028916694
       388      0.610217153785
       389      0.611931103415
       390      0.615434998144
       391      0.616415813991
       392      0.618258672764
       393      0.619769268821
       394      0.620883812452
       395      0.623798925156
       396      0.626584425435
       397      0.627846432900
       398      0.634521768563
       399      0.635801562710
       400      0.639356898738
