         1     -0.835572823533
         2     -0.816527517910
         3     -0.816211692367
         4     -0.791385953246
         5     -0.785881403986
         6     -0.775213645205
         7     -0.774046980238
         8     -0.771107239876
         9     -0.768161828557
        10     -0.764253355980
        11     -0.760599715789
        12     -0.728136931118
        13     -0.726232423700
        14     -0.722471569775
        15     -0.719741989525
        16     -0.693537400250
        17     -0.690525613954
        18     -0.673393751593
        19     -0.666589283915
        20     -0.664103687499
        21     -0.658064424129
        22     -0.654867865493
        23     -0.654603655483
        24     -0.650290152139
        25     -0.648712263227
        26     -0.644706444658
        27     -0.637454951172
        28     -0.621958313616
        29     -0.620082675629
        30     -0.615363641421
        31     -0.607937815465
        32     -0.602614180549
        33     -0.598167940343
        34     -0.582864390608
        35     -0.578533681776
        36     -0.574332183086
        37     -0.571320827961
        38     -0.568006720838
        39     -0.564855805004
        40     -0.563730563476
        41     -0.560577153006
        42     -0.543759040243
        43     -0.531494996431
        44     -0.529453808064
        45     -0.527312019814
        46     -0.521940706191
        47     -0.516375859808
        48     -0.513697982983
        49     -0.509967035559
        50     -0.498343202257
        51     -0.448134649319
        52     -0.445355929282
        53     -0.443863585258
        54     -0.441884389202
        55     -0.439875448549
        56     -0.435691325212
        57     -0.434592159019
        58     -0.431777088233
        59     -0.426831375350
        60     -0.424451574710
        61     -0.420433192942
        62     -0.418094232015
        63     -0.411836902696
        64     -0.395539198192
        65     -0.392999957580
        66     -0.388167510535
        67     -0.387028580180
        68     -0.383683110104
        69     -0.381166318907
        70     -0.380023267539
        71     -0.378745535646
        72     -0.375952701048
        73     -0.375024030388
        74     -0.353309550681
        75     -0.350207216529
        76     -0.348128641060
        77     -0.344048826238
        78     -0.341392090832
        79     -0.338822245784
        80     -0.334098147748
        81     -0.331360966477
        82     -0.326960459226
        83     -0.326663905077
        84     -0.323128062492
        85     -0.322141323273
        86     -0.321304388497
        87     -0.319080223978
        88     -0.318401459717
        89     -0.316189451865
        90     -0.313836533411
        91     -0.312786527385
        92     -0.312462481051
        93     -0.307957557320
        94     -0.304793074658
        95     -0.300376225994
        96     -0.299394042484
        97     -0.297506289493
        98     -0.292005228967
        99     -0.290059089509
       100     -0.288558722308
       101     -0.287429513800
       102     -0.285430428108
       103     -0.284261722587
       104     -0.280893034832
       105     -0.278311513494
       106     -0.276052338101
       107     -0.275030598953
       108     -0.272483127649
       109     -0.270303120473
       110     -0.270074717224
       111     -0.268461582896
       112     -0.266133038732
       113     -0.265435797379
       114     -0.261575334811
       115     -0.260345478840
       116     -0.259309088630
       117     -0.258695400279
       118     -0.254897857216
       119     -0.252351722114
       120     -0.251086174926
       121     -0.246022927219
       122     -0.244272262096
       123     -0.242217880417
       124     -0.234893617868
       125     -0.231100234377
       126     -0.227834974101
       127     -0.223235408321
       128     -0.221072942343
       129     -0.216751762738
       130     -0.216060924165
       131     -0.212355167297
       132     -0.211327905250
       133     -0.208837164675
       134     -0.203613721090
       135     -0.196519853082
       136     -0.194367787644
       137     -0.191781461370
       138     -0.189582019331
       139     -0.188066526946
       140     -0.187518087468
       141     -0.186276575726
       142     -0.181569483780
       143     -0.180368494221
       144     -0.178233055535
       145     -0.174091687412
       146     -0.163889284049
       147     -0.155893544342
       148     -0.148940120324
       149     -0.139458550063
       150     -0.127178588722
       151     -0.055550880629
       152     -0.050937802707
       153     -0.047906408942
       154     -0.043670271744
       155     -0.042635000280
       156     -0.038067639943
       157     -0.037057793137
       158     -0.036284915905
       159     -0.034139911384
       160     -0.031883581151
       161     -0.030624295187
       162     -0.014743015146
       163     -0.013823532172
       164     -0.012691915672
       165     -0.011421442856
       166      0.002645259312
       167      0.003503001090
       168      0.016080348164
       169      0.019351594466
       170      0.020453329145
       171      0.022476578701
       172      0.022761999052
       173      0.023358567139
       174      0.023906653833
       175      0.025623058785
       176      0.026627369882
       177      0.028505844762
       178      0.037629459040
       179      0.038340619991
       180      0.040262919155
       181      0.042493422057
       182      0.045987606975
       183      0.051911832846
       184      0.061378938371
       185      0.061615324276
       186      0.063243569628
       187      0.063592821369
       188      0.066129731829
       189      0.067645273830
       190      0.070997051880
       191      0.072489984018
       192      0.075502114864
       193      0.086309887869
       194      0.088219534769
       195      0.089780856290
       196      0.091531884889
       197      0.098178937515
       198      0.101013468795
       199      0.102512866543
       200      0.107636818381
       201      0.159349315405
       202      0.165395621626
       203      0.171732595051
       204      0.173160652549
       205      0.174685468442
       206      0.176740523718
       207      0.179987321236
       208      0.181091710301
       209      0.196717051248
       210      0.198278955136
       211      0.198514446526
       212      0.200282037201
       213      0.201909376671
       214      0.202498822843
       215      0.204111463604
       216      0.204807732909
       217      0.206622203495
       218      0.217854378119
       219      0.219544600167
       220      0.222499057727
       221      0.222955403849
       222      0.223813154333
       223      0.226025393836
       224      0.232005290544
       225      0.232960547669
       226      0.236381785930
       227      0.237925408475
       228      0.238840384213
       229      0.240420594353
       230      0.243262461738
       231      0.245504388665
       232      0.246198389032
       233      0.247883003948
       234      0.265863229234
       235      0.266529506188
       236      0.272891892367
       237      0.273760217723
       238      0.276414326738
       239      0.277587401888
       240      0.288263585661
       241      0.288916923661
       242      0.293235043719
       243      0.295090040467
       244      0.297084663014
       245      0.299466535573
       246      0.300943852973
       247      0.302052858638
       248      0.308238919562
       249      0.312602032227
       250      0.318744806918
       251      0.397515902811
       252      0.406512773741
       253      0.411988647652
       254      0.416111516478
       255      0.419054842758
       256      0.420258023007
       257      0.426408397358
       258      0.428388533724
       259      0.429875546978
       260      0.431741248873
       261      0.433098499011
       262      0.436041677000
       263      0.438384888344
       264      0.439109453413
       265      0.441081595759
       266      0.442588592481
       267      0.445002102604
       268      0.446227998296
       269      0.450658780874
       270      0.451883374664
       271      0.452230134504
       272      0.453877509974
       273      0.455316466756
       274      0.456967216499
       275      0.458461405330
       276      0.460918687139
       277      0.461738681942
       278      0.463838779843
       279      0.465316037568
       280      0.466159172790
       281      0.467349149234
       282      0.468686280484
       283      0.469190021230
       284      0.470763939749
       285      0.472424791837
       286      0.472772058100
       287      0.473726565431
       288      0.474654122277
       289      0.476444286207
       290      0.476961901346
       291      0.477570493485
       292      0.479279132908
       293      0.480496446825
       294      0.481987068373
       295      0.482139806355
       296      0.484148323250
       297      0.485173948179
       298      0.486630578771
       299      0.487060920382
       300      0.488121670081
       301      0.488945435012
       302      0.489313343229
       303      0.489982039078
       304      0.492728923322
       305      0.493230188149
       306      0.494844733265
       307      0.495253953420
       308      0.495617781771
       309      0.497744407876
       310      0.499361846782
       311      0.499608227506
       312      0.501163831763
       313      0.502567943785
       314      0.503531037832
       315      0.505042245402
       316      0.506244407756
       317      0.507509968773
       318      0.508463607740
       319      0.509317830504
       320      0.510135760273
       321      0.510611247141
       322      0.512287085902
       323      0.512971710606
       324      0.513622858367
       325      0.514515387930
       326      0.516922105638
       327      0.518290497584
       328      0.519246842403
       329      0.521147978749
       330      0.522366852622
       331      0.522855143397
       332      0.523984345729
       333      0.525365326943
       334      0.527648788995
       335      0.529114312909
       336      0.531054690428
       337      0.534305722633
       338      0.535525090145
       339      0.536306732295
       340      0.536973654883
       341      0.539530858973
       342      0.540664166639
       343      0.543150948359
       344      0.547215459908
       345      0.548198501703
       346      0.549705174637
       347      0.550787364558
       348      0.552828822672
       349      0.553269913708
       350      0.557732051228
       351      0.561744686966
       352      0.563487277015
       353      0.565948557731
       354      0.566900590225
       355      0.569255772498
       356      0.570247416492
       357      0.571918580169
       358      0.574613427047
       359      0.576047910341
       360      0.576893701251
       361      0.578663832883
       362      0.579599198790
       363      0.581640624578
       364      0.582546145056
       365      0.583246797749
       366      0.583644188381
       367      0.585449661718
       368      0.586258825383
       369      0.587903406428
       370      0.588196451286
       371      0.589942033077
       372      0.590925514423
       373      0.592226870487
       374      0.592656264422
       375      0.594030403824
       376      0.594758710706
       377      0.596293375147
       378      0.597101884095
       379      0.597615001028
       380      0.599534678520
       381      0.600558311598
       382      0.602417895411
       383      0.603719384725
       384      0.604796591424
       385      0.605873766885
       386      0.607905495962
       387      0.609112228392
       388      0.610113065499
       389      0.611615114209
       390      0.613998189635
       391      0.615752176417
       392      0.617026209065
       393      0.618305311827
       394      0.621255297054
       395      0.624396423569
       396      0.627484666330
       397      0.628013053528
       398      0.630800675396
       399      0.632996128793
       400      0.634334357961
