1 0.0028650423068156535
2 0.0029183611608821713
3 0.0045196190813741564
4 0.00438187299560636
5 0.004384777560328441
6 0.004494680741048648
7 0.0044923966682846525
8 0.004391851288653543
9 0.004564772916285374
10 0.004798466880585905
11 0.004798289638171881
12 0.004785441250871658
13 0.004919669533242466
14 0.004969446224467353
15 0.004823786577070286
16 0.00481720616693516
17 0.004825430561088207
18 0.00457274075031488
19 0.005756030599408988
20 0.005669520240717647
21 0.005585732462939243
22 0.005746460697623308
23 0.0057380116069450015
24 0.005557539692556965
25 0.0052328274190993
26 0.005020529844816121
27 0.005764263281767494
28 0.005786366853199226
29 0.005175795639280252
30 0.005431282462305483
31 0.005269848971678817
32 0.00529085959980964
33 0.004746887124627566
34 0.004978410885563664
35 0.005021854669026367
36 0.004987077834117466
37 0.004743044819711912
38 0.004737708806741284
39 0.005262463866252799
40 0.005081915104940538
41 0.005215709544294782
42 0.004618398950878804
43 0.005022829514345169
44 0.005484834819505057
45 0.005616641030312845
46 0.005214358212074721
47 0.005255490766229979
48 0.005670710856790693
49 0.005526048345164784
50 0.005246682826224781
51 0.0049781821683105
52 0.005021221449867029
53 0.005241800432691362
54 0.0050274577144098056
55 0.004969582224257132
56 0.00505010043068511
57 0.00424608422268757
58 0.004492023166911537
59 0.004335100145440219
60 0.004212672223879762
61 0.004314764843586642
62 0.004511549257354207
63 0.006599752836360748
64 0.00607198739996918
65 0.004486378254260201
66 0.006392341458289143
67 0.006516807934829414
68 0.006173011761072057
69 0.0062464152455768375
70 0.004431224679908054
71 0.006044858414530767
72 0.007020660162025625
73 0.0038003628560575337
74 0.003818215076924505
75 0.008065697567851821
76 0.006415517458426907
77 0.005691353975878249
78 0.006913164845900926
79 0.006827983448166385
80 0.008447855744096
81 0.008417618546472577
82 0.005759865777105248
83 0.006239147133772472
84 0.007994069182596195
85 0.004503661779364573
86 0.00554749260067042
87 0.005401982625517946
88 0.005398964213456148
89 0.005442130026683222
90 0.005316274677125216
91 0.005388583648958296
92 0.004852692010265899
93 0.005356095993027352
94 0.004675238545217194
95 0.004519274865304674
96 0.004498221496797498
97 0.004827243397517581
98 0.005076178895681402
99 0.004663944122605435
100 0.004314064058025813
101 0.005112637185379616
102 0.0046864205744466024
103 0.004884045655544295
104 0.004993144742577411
105 0.0048268034892703145
106 0.004828670741233085
107 0.004910421490775997
108 0.005004033944048662
109 0.005072091416308784
110 0.005067319676385968
111 0.004935253247141216
112 0.004902043110227816
113 0.005319952488795759
114 0.005171416783627595
115 0.004994842519441631
116 0.005275088642390869
117 0.004965381824528714
118 0.00527604356937682
119 0.005115907412321427
120 0.005007211567186401
121 0.004752605102374226
122 0.005255744730111801
123 0.007128839201266682
124 0.0051288549825096105
125 0.004893700286149763
126 0.006711793027507052
127 0.00572286815352406
128 0.005288482982139669
129 0.005778299938399466
130 0.004869692322729407
131 0.006020488477244437
132 0.005306300330857841
133 0.004859758855950703
134 0.005252113087811331
135 0.006154047552979783
136 0.0054559839524578315
137 0.005285884343447775
138 0.005128191812530425
139 0.006202970203373239
140 0.0062178196247922495
141 0.005681390327528445
142 0.00523464892510885
143 0.005832325445226315
144 0.007007344589798942
145 0.007049030965171811
146 0.005023858672177811
147 0.004898395954906999
148 0.005129616379593382
149 0.0047219793110154515
150 0.005169659629623781
151 0.004665318732536041
152 0.004807401218746476
153 0.005199983855799379
154 0.006626872232288877
155 0.006464442551166211
156 0.005347099472658603
157 0.007673789250320292
158 0.005533506618219735
159 0.005446262043789655
160 0.007025126420852717
161 0.0063154018176429455
162 0.007378982802854171
163 0.005862411152680413
164 0.006158404348075137
165 0.005877906198910045
166 0.006145525596446039
167 0.005824590664336892
168 0.005863309300806104
169 0.004996044223462406
170 0.005053349589043993
171 0.005506348655322004
172 0.005220060525848921
173 0.005209565384063794
174 0.005619234908306613
175 0.005757110258151509
176 0.005643134649991029
177 0.0052060068368378724
178 0.004983747311684272
179 0.005746401926683591
180 0.006348556321458347
181 0.006569964325223433
182 0.006024868137434154
183 0.006795698982191763
184 0.006500746452679394
185 0.006470904367926184
186 0.006277769550094265
187 0.006396816203053475
188 0.005964651217063576
189 0.005584187757844965
190 0.00771564184086804
191 0.007613961160623413
192 0.007074159798802873
193 0.006958120713173792
194 0.007102310325292637
195 0.0071813115328852
196 0.008266915265284263
197 0.00822239352769812
198 0.006064249825430252
199 0.007461123722491396
200 0.007598172086240863
201 0.0066783339811383995
202 0.007117513108653371
203 0.008259358731837042
204 0.007412895585339501
205 0.008303009808990614
206 0.007378490908427219
207 0.008171805310708867
208 0.008354252539949768
209 0.007676598453902911
210 0.0074634947097012815
211 0.006636888879324804
212 0.006525478067327247
213 0.011816463967652947
214 0.011022037255702909
215 0.00782743155042609
216 0.009076225658611712
217 0.01259548549042573
218 0.010522035297374244
219 0.010659525052964048
220 0.010240810457777486
221 0.01016626881079817
222 0.008249331035649446
223 0.009669930262234465
224 0.010043566916601866
225 0.010024910477405911
226 0.008852950891993956
227 0.009729945102842424
228 0.005182352535984286
229 0.012711625202027585
230 0.012537418520733918
231 0.00777146366259288
232 0.007817489492524992
233 0.00899662389266945
234 0.008017924641177563
235 0.007624096707093665
236 0.007707377516900498
237 0.007989910809547878
238 0.009123224013304778
239 0.009062423559109531
240 0.01005775398949981
241 0.006858678242064777
242 0.007066042415518636
243 0.007166987880768099
244 0.006718729911396616
245 0.006300279194852542
246 0.006982261458504492
247 0.007184210662509692
248 0.006340160742181862
249 0.006772984940636568
250 0.006690244450054492
251 0.007010725436958775
252 0.0074469513955409015
253 0.013247691128889821
254 0.010705122829281457
255 0.008058112342995359
256 0.00940541795972405
257 0.00840517478110894
258 0.01085515283559344
259 0.014139376957513387
260 0.01222371561956393
261 0.009673369608655112
262 0.009972401646420456
263 0.007228035450619588
264 0.007447446496374854
265 0.009347785116695243
266 0.009314201911769737
267 0.012317044857109613
268 0.012427513575140084
269 0.008279462695895332
270 0.008694533885457593
271 0.008052758291035524
272 0.009340261862014787
273 0.00836020585708475
274 0.007969057385164856
275 0.009275574310855026
276 0.00891634681735753
277 0.008025846770554767
278 0.008387671676442335
279 0.007855240089009462
280 0.00786819759366754
281 0.009081683224375841
282 0.010757999512859688
283 0.011098666180611174
284 0.008026333878704002
285 0.007639539001034819
286 0.008008514512770199
287 0.009914014833862481
288 0.007777453876252645
289 0.008623368014547791
290 0.00991088955175262
291 0.00826379228327756
292 0.009356029054259968
293 0.006095923294719246
294 0.010806504076060111
295 0.007827113277112595
296 0.007919893714454554
297 0.008071522660484458
298 0.008078776188040569
299 0.007691431221457821
300 0.00865475878186517
301 0.0061532634032111224
302 0.006214162286885093
303 0.006129866333549186
304 0.006029909567986539
305 0.005944368879946211
306 0.006078745209327338
307 0.005494721429878415
308 0.008144880525912937
309 0.007133673100002867
310 0.006651083246210133
311 0.007104292325500685
312 0.007253510232335544
313 0.0069536816293146
314 0.00713258740203374
315 0.007346941973262138
316 0.006734211210083384
317 0.00836988348865594
318 0.008509174801673238
319 0.006699985947402844
320 0.008544242993389487
321 0.008643194639490842
322 0.008481953592549859
323 0.006142235085700092
324 0.008232855609227775
325 0.007483220697091488
326 0.00836841946106222
327 0.007504785514839965
328 0.006848868852068202
329 0.006951018761755513
330 0.008293006931002664
331 0.007308396049064344
332 0.00765032873004986
333 0.007132670367540047
334 0.007266444074613203
335 0.007279380506404143
336 0.007129475995747766
337 0.007047690148452678
338 0.007198756927247032
339 0.006889091255467999
340 0.0063316454470392965
341 0.00704921401638153
342 0.006366059439159633
343 0.007044858383074657
344 0.006901959438616309
345 0.006267161487374201
346 0.006793814548943629
347 0.006313215860762339
348 0.006593202918407709
349 0.005142897483621697
350 0.005064162245717161
351 0.005119609673770364
352 0.0050727441544114885
353 0.005128014914542266
354 0.005277045552480127
355 0.005342231182041493
356 0.005328217734133116
357 0.005325449017614148
358 0.0053589789568881776
359 0.005349001732533815
360 0.005305810162412965
361 0.009396892692025392
362 0.007426969244740337
363 0.005735734610954615
364 0.005820814834688935
365 0.004709576675070529
366 0.006481073133211137
367 0.0064393948373776665
368 0.00912489694322637
369 0.009336444546489915
370 0.006341159984788918
371 0.0068057242229564805
372 0.0057970838540711295
373 0.005887665363233694
374 0.005992307900975119
375 0.005502413178684082
376 0.0060854685974850355
377 0.006106085764330744
378 0.007684633829139963
379 0.006495414754208593
380 0.006115052765934592
381 0.0050543739830523305
382 0.005646205287479162
383 0.005436132702846294
384 0.00533244809032629
385 0.005445135075112675
386 0.005145129218711966
387 0.006158696908756472
388 0.008467525060542724
389 0.0073371063123165645
390 0.007917607033595274
391 0.0067313374561641
392 0.005562084330808534
393 0.005238280894786343
394 0.007164630497583958
395 0.005811448699672112
396 0.009093150168083868
397 0.005891672266737771
398 0.005696345223247375
399 0.005974067522414225
400 0.006006757585576615
401 0.005685690334100065
402 0.005994375648594676
403 0.005426805862643994
404 0.006005040578016455
405 0.006097459640355566
406 0.006754131457388238
407 0.007603758018174516
408 0.007492959841558873
409 0.006588251827444968
410 0.006203661264959281
411 0.00616593426315531
412 0.005400434855516176
413 0.003750596082469326
414 0.0037498141328511773
415 0.006615761749807683
416 0.006919481063092059
417 0.0062858532966852156
418 0.006448189909837366
419 0.0068987786171762705
420 0.006523629832957666
421 0.01319208333573717
422 0.006958310360360721
423 0.007270482144630207
424 0.006679884304764633
425 0.00935156252048663
426 0.007839092642101482
427 0.008220225241504057
428 0.007199789943314997
429 0.009128071604613156
430 0.013496824240460982
431 0.006788074312828188
432 0.0064197522258464266
433 0.0063966999218955005
434 0.007053194129725936
435 0.007019092682614308
436 0.006892370324872091
437 0.004192762902152818
438 0.004659229205460627
439 0.004541632685918424
440 0.0040861752692447515
441 0.004074554573825759
442 0.00411131630529922
443 0.010871659078114278
444 0.006632226545661302
445 0.006225072008831262
446 0.006277119825594818
447 0.007628375264321115
448 0.007946264318718164
449 0.007195321855911606
450 0.010361100149186498
451 0.00864397385025043
452 0.006395922109362487
453 0.006420262833250301
454 0.00638391992067278
455 0.006434506482347318
456 0.007900516175322139
457 0.004946949957481409
458 0.0058688830467534345
459 0.006014238360085635
460 0.006023318400225114
461 0.0061417778186342
462 0.006073283320027564
463 0.005067452702553384
464 0.00543450534403335
465 0.005430004603574331
466 0.0056362717065428425
467 0.005196602169705005
468 0.005640628656747364
469 0.00542668476133695
470 0.005699817911912299
471 0.005288916098589935
472 0.005313142457141039
473 0.005585297691332425
474 0.0055104780952321426
475 0.004230428792244978
476 0.004457029438627191
477 0.004552712992488204
478 0.0045902321808278974
479 0.004453608114121514
480 0.00425005005016955
