1 -1.3086802135837912
2 -1.2822515360184998
3 -1.0687741132777127
4 -1.0464358661954887
5 -1.0463066802234353
6 -1.040295072949702
7 -1.0402206253015458
8 -1.0218952306092997
9 -0.831428877374953
10 -0.8212673673285797
11 -0.8209535215897236
12 -0.8149291317442007
13 -0.8149013966638711
14 -0.8134125599154912
15 -0.8133846807544681
16 -0.8079601218820762
17 -0.8078392329680225
18 -0.7972145105784783
19 -0.6497309832704656
20 -0.6478936699795681
21 -0.6465471984198088
22 -0.6444041811534124
23 -0.6434617237353658
24 -0.6416154625073904
25 -0.6225006287261357
26 -0.6153819262781364
27 -0.6138862720275136
28 -0.6136287841511817
29 -0.6135441370286984
30 -0.6133640036998841
31 -0.6113542789469768
32 -0.604247841851679
33 -0.491135785896309
34 -0.49067972089302403
35 -0.49026362936254403
36 -0.4900087590238849
37 -0.4897445441561737
38 -0.4871240735344559
39 -0.48691368276294955
40 -0.48648533399552707
41 -0.48631402242741184
42 -0.48630286624588415
43 -0.46375282721390443
44 -0.4618516005722668
45 -0.46049959716389205
46 -0.46018563283875974
47 -0.4596955316651051
48 -0.4590601621504007
49 -0.45781702229718824
50 -0.4552239238598239
51 -0.3846389448560849
52 -0.3842774153243417
53 -0.38399368965017106
54 -0.38375970038341123
55 -0.3835321081461577
56 -0.38301039035300405
57 -0.3628512699315226
58 -0.36130016600665305
59 -0.3609243208250148
60 -0.36017162408639863
61 -0.35980069661912134
62 -0.3578787824967138
63 -0.32615495464337074
64 -0.32481129697006933
65 -0.3240069912044972
66 -0.32395769364685284
67 -0.32391277174935657
68 -0.323732824859465
69 -0.3236626478228398
70 -0.3235352514464757
71 -0.3227700431625915
72 -0.3213506446299862
73 -0.3165877081855236
74 -0.3163912220493039
75 -0.2661883226966781
76 -0.2657466868993382
77 -0.2653649244105423
78 -0.2651490654522641
79 -0.26513243902196515
80 -0.2648803924873336
81 -0.26481208323341116
82 -0.2647468986012423
83 -0.26419800029401946
84 -0.26374948603957554
85 -0.22171911515655274
86 -0.21455908395818765
87 -0.21450035827035768
88 -0.21435427535632995
89 -0.21409506991116467
90 -0.2140190425591457
91 -0.2136693793782356
92 -0.20568889743713525
93 -0.20497484609979433
94 -0.20472788542421674
95 -0.20448757209662138
96 -0.20445582050086558
97 -0.20415745797965384
98 -0.20398915615265611
99 -0.20338406610244278
100 -0.20204133418296655
101 -0.17266881276886448
102 -0.1725044714064886
103 -0.1724957612569285
104 -0.17236842034769112
105 -0.17232260735901683
106 -0.1723059078694668
107 -0.16746071876822616
108 -0.1673872960759215
109 -0.16711460873520492
110 -0.16701392175773153
111 -0.1667154534037494
112 -0.16665293008983792
113 -0.153473813067131
114 -0.15334416850430707
115 -0.15333138229361667
116 -0.1532875085587697
117 -0.153260882606333
118 -0.15290901587216102
119 -0.15285711371702476
120 -0.15284212468458847
121 -0.1527880451090124
122 -0.15263064247676017
123 -0.13092894832291535
124 -0.12089437066137776
125 -0.12082011318040069
126 -0.12081924752047961
127 -0.1208037697907841
128 -0.12071941933979656
129 -0.1206779065455033
130 -0.12065396038820166
131 -0.12063332795021824
132 -0.1205174542552513
133 -0.12048111883904916
134 -0.11784849564783366
135 -0.11770396287908609
136 -0.11763585636044842
137 -0.11748173996786122
138 -0.11743668885243343
139 -0.11734207876040872
140 -0.11731990511447933
141 -0.11708180733601865
142 -0.1170395276408813
143 -0.11683066936130494
144 -0.11171827109006806
145 -0.111711694412423
146 -0.10423351963070816
147 -0.10409819716750762
148 -0.10401926197802584
149 -0.10399180052679892
150 -0.10396600984191005
151 -0.10395637186879564
152 -0.10384308416191852
153 -0.1037926174065801
154 -0.09786418954484388
155 -0.08978888663623368
156 -0.08974558377762837
157 -0.0897377088664444
158 -0.08967746355237353
159 -0.08965528362774311
160 -0.08965319548419658
161 -0.08963443163403545
162 -0.08959507435174209
163 -0.0728755700487688
164 -0.07282397200265563
165 -0.07275067057145283
166 -0.07263697738829014
167 -0.07263506849552706
168 -0.0725935098878049
169 -0.0549408273690063
170 -0.05487121510831927
171 -0.054820533689594025
172 -0.05449965100210431
173 -0.05446604733848716
174 -0.05438960653731501
175 -0.05435105729089224
176 -0.0541440119532369
177 -0.05408337460698552
178 -0.05384762938257256
179 -0.041567657415809346
180 -0.04156677255246407
181 -0.0415424934892162
182 -0.04152746999786723
183 -0.041500068157693686
184 -0.041490638782556294
185 -0.0414628444480148
186 -0.04144705357830449
187 -0.041424430897545925
188 -0.041414472658275456
189 -0.03155925554056238
190 -0.027864104330736442
191 -0.027635799200188514
192 -0.022190606715043085
193 -0.022114136514050354
194 -0.020738520804672655
195 -0.02066432862610049
196 -0.01590683712674699
197 -0.015702144256215456
198 -0.007085623424492704
199 0.036027709126958074
200 0.03691954432496114
201 0.03972452972450202
202 0.0412302439137599
203 0.04216337431534278
204 0.043895854522059796
205 0.04877516464301829
206 0.051946989734273585
207 0.05280688620791918
208 0.053163457411103704
209 0.05336783396232228
210 0.05429811166407189
211 0.05603244999525042
212 0.06081179068859571
213 0.0932647846084097
214 0.09450340634334053
215 0.09644651006937137
216 0.09681819152665581
217 0.09700280605546067
218 0.09810860943234899
219 0.09815875087313697
220 0.0983698391135753
221 0.09838395517238074
222 0.09841557297139239
223 0.09843305727402707
224 0.09854168403646792
225 0.09930398878361062
226 0.09949565568597797
227 0.09962224735524725
228 0.10201596236116928
229 0.10281902761330025
230 0.10397974795472731
231 0.11956362373252949
232 0.1205453238596847
233 0.12122563643892134
234 0.12143422749761655
235 0.12147780078261576
236 0.12187773876581885
237 0.12193638960885339
238 0.12215676431798196
239 0.12369442696279082
240 0.12582374592509876
241 0.15201370516444512
242 0.1528323724700077
243 0.15293921826813314
244 0.15297337833820987
245 0.15303133537213712
246 0.153670676896848
247 0.16477334350513312
248 0.16516161381444142
249 0.16524467872420426
250 0.16548639556623598
251 0.1655366068983489
252 0.1659010946731331
253 0.1749750916573684
254 0.1753406805173377
255 0.17554332098855085
256 0.17577053120275232
257 0.17577681674740628
258 0.17579507452522955
259 0.17594047821422953
260 0.17598484148933707
261 0.1759966290103129
262 0.1761089867634412
263 0.17618678900273074
264 0.17624656169434744
265 0.17634776988540776
266 0.17657377231712618
267 0.17680352827982457
268 0.17709861598133736
269 0.1888127881066451
270 0.18894866431993163
271 0.18897886210542886
272 0.18912329478701972
273 0.1891365062909345
274 0.18929332744563945
275 0.18931413604601022
276 0.1894310655951135
277 0.18948439980521173
278 0.18965514217668178
279 0.19289934649036303
280 0.19293822826359192
281 0.1930920741452436
282 0.19312227578244323
283 0.19315745496405462
284 0.19322479826882016
285 0.19338603441032196
286 0.1934290960210594
287 0.1996206325671591
288 0.1998234833153741
289 0.1998299832762816
290 0.19984718890391345
291 0.1998854510187651
292 0.19990153324359058
293 0.19991374599866807
294 0.2001003984257548
295 0.20152865166817338
296 0.20164887206807153
297 0.20166316159255954
298 0.2016702379772877
299 0.2017115481672989
300 0.20188178987618563
301 0.3177978134587504
302 0.3179835804105593
303 0.31810037876237485
304 0.31839026639937273
305 0.31844935013913905
306 0.31848981981776797
307 0.3212893971534806
308 0.3218922432780404
309 0.32193105174868436
310 0.32216201283121587
311 0.3222511178845194
312 0.3222821556972154
313 0.322336662420774
314 0.3225496685498388
315 0.32266592769105706
316 0.3227466048996149
317 0.32370712424120485
318 0.32393424546524213
319 0.3239363010627077
320 0.32399912173300094
321 0.3240196863462849
322 0.3240613806486749
323 0.32415081977412424
324 0.3243739947181928
325 0.32535932206305984
326 0.325677680800195
327 0.32570000535428656
328 0.32573366804832404
329 0.32575669464007445
330 0.3257983116413252
331 0.32580680965743863
332 0.326462072514752
333 0.32961723326788317
334 0.32964292472274004
335 0.329644176976746
336 0.3296809602513276
337 0.32968623415302817
338 0.32971287349992695
339 0.3317238873341361
340 0.33175292109637217
341 0.3317724780492914
342 0.33181063295148094
343 0.3318425904788309
344 0.33193474378753574
345 0.3319558993791062
346 0.3320088383976968
347 0.3320240651366996
348 0.33206185206618627
349 0.33680636375937956
350 0.3371037766890139
351 0.3371640085226136
352 0.3372952234129327
353 0.33754085794186106
354 0.3377515159533292
355 0.34687361059135646
356 0.3469709201070751
357 0.3469769187200404
358 0.34705989074954186
359 0.34712684254816256
360 0.3472141251872642
361 0.3560305326392052
362 0.35872397048179105
363 0.3596741030152302
364 0.35973178481601326
365 0.35982229392940235
366 0.3598853588352122
367 0.3600396378391876
368 0.36008692066613723
369 0.3601094685550264
370 0.3601163883509037
371 0.3601805143681018
372 0.36028633535837323
373 0.3602978913225542
374 0.36039569788330106
375 0.3604608190834419
376 0.3606346544851435
377 0.3612756480779219
378 0.36448001291426946
379 0.3695555451668967
380 0.3698449902921781
381 0.37025905408460025
382 0.3703397507461454
383 0.37035392092845243
384 0.37043673281609063
385 0.37044057794743146
386 0.3704668442284208
387 0.3704808845990869
388 0.3706012625914348
389 0.37066279888222403
390 0.3707026142343793
391 0.37071444687395305
392 0.3707703605971949
393 0.3710409995995227
394 0.371552880319255
395 0.37189440195829365
396 0.372165364329318
397 0.408311607672846
398 0.4088974602367623
399 0.40922824728820195
400 0.40978857440239336
401 0.4102146735339358
402 0.41066495611531706
403 0.4224467671879331
404 0.42321563991899025
405 0.42356974758842414
406 0.4247987668808246
407 0.42485820883888875
408 0.42519435678853745
409 0.4252325995814038
410 0.42687246894519454
411 0.427414172004813
412 0.42852761397474787
413 0.44553908363197403
414 0.44554358512679326
415 0.44747732422400444
416 0.4474828031308513
417 0.44748906275190853
418 0.4474961223783883
419 0.44750253267965473
420 0.44750851194713515
421 0.45060564707912615
422 0.4506444020668249
423 0.4506480842486038
424 0.45065216244738754
425 0.4506574147517755
426 0.45065835195241427
427 0.45066606857627606
428 0.4506684039076518
429 0.4506815444721843
430 0.45071024947864124
431 0.45216488710871056
432 0.4522086347640993
433 0.45221016029944155
434 0.45221289532591524
435 0.4522148002152779
436 0.45226071788524885
437 0.4759903732074243
438 0.4774209041636124
439 0.47744191927267143
440 0.4796406063875219
441 0.47966246916240995
442 0.48215238261714494
443 0.5142161300583253
444 0.5144552796322558
445 0.5144864613128107
446 0.5144890522043194
447 0.5144924548504134
448 0.5144971169038074
449 0.514513616032147
450 0.5146275671416906
451 0.5148917629717619
452 0.5149595426325756
453 0.5149611378875877
454 0.5150206817904619
455 0.5150314765354457
456 0.5151718034843161
457 0.5187515747732384
458 0.5188900368877286
459 0.518968515490872
460 0.5189735272657202
461 0.5189780661481571
462 0.5189860790374881
463 0.5190328409179871
464 0.5192201477513615
465 0.5269381372872022
466 0.5270276397629053
467 0.5271190230661098
468 0.5272162673705937
469 0.5272209424538248
470 0.5272354758495871
471 0.5272574951271638
472 0.5273602436250865
473 0.5274465329104495
474 0.5275133233404221
475 0.5409112545923427
476 0.5410513072729226
477 0.5410626378332014
478 0.5410971116358733
479 0.5411191139790278
480 0.5412239431919441
