   1 0.306E+00 0.306E+00 0.306E+00    0.00000E+00       -2.45471E+01  -1.62428E+01  -1.08113E+01  -1.08113E+01   6.40628E+00   6.40628E+00   1.73770E+01   6.37348E+02
   2 0.298E+00 0.298E+00 0.298E+00    0.13595E-01       -2.45568E+01  -1.62297E+01  -1.08092E+01  -1.08092E+01   6.38408E+00   6.38408E+00   1.73552E+01   6.29990E+02
   3 0.290E+00 0.290E+00 0.290E+00    0.27189E-01       -2.45855E+01  -1.61908E+01  -1.08029E+01  -1.08029E+01   6.31776E+00   6.31776E+00   1.72898E+01   6.08739E+02
   4 0.283E+00 0.283E+00 0.283E+00    0.40784E-01       -2.46326E+01  -1.61268E+01  -1.07923E+01  -1.07923E+01   6.20813E+00   6.20813E+00   1.71818E+01   5.75849E+02
   5 0.275E+00 0.275E+00 0.275E+00    0.54378E-01       -2.46967E+01  -1.60387E+01  -1.07775E+01  -1.07775E+01   6.05650E+00   6.05650E+00   1.70322E+01   5.34471E+02
   6 0.267E+00 0.267E+00 0.267E+00    0.67973E-01       -2.47765E+01  -1.59283E+01  -1.07584E+01  -1.07584E+01   5.86467E+00   5.86467E+00   1.68426E+01   4.88001E+02
   7 0.259E+00 0.259E+00 0.259E+00    0.81568E-01       -2.48700E+01  -1.57972E+01  -1.07350E+01  -1.07350E+01   5.63486E+00   5.63486E+00   1.66149E+01   4.39550E+02
   8 0.251E+00 0.251E+00 0.251E+00    0.95162E-01       -2.49755E+01  -1.56473E+01  -1.07072E+01  -1.07072E+01   5.36963E+00   5.36963E+00   1.63510E+01   3.91615E+02
   9 0.243E+00 0.243E+00 0.243E+00    0.10876E+00       -2.50907E+01  -1.54807E+01  -1.06750E+01  -1.06750E+01   5.07188E+00   5.07188E+00   1.60531E+01   3.45971E+02
  10 0.235E+00 0.235E+00 0.235E+00    0.12235E+00       -2.52137E+01  -1.52992E+01  -1.06384E+01  -1.06384E+01   4.74468E+00   4.74468E+00   1.57231E+01   3.03727E+02
  11 0.228E+00 0.228E+00 0.228E+00    0.13595E+00       -2.53424E+01  -1.51049E+01  -1.05973E+01  -1.05973E+01   4.39128E+00   4.39128E+00   1.53625E+01   2.65447E+02
  12 0.220E+00 0.220E+00 0.220E+00    0.14954E+00       -2.54751E+01  -1.48996E+01  -1.05516E+01  -1.05516E+01   4.01501E+00   4.01501E+00   1.49729E+01   2.31300E+02
  13 0.212E+00 0.212E+00 0.212E+00    0.16314E+00       -2.56098E+01  -1.46849E+01  -1.05012E+01  -1.05012E+01   3.61922E+00   3.61922E+00   1.45548E+01   2.01192E+02
  14 0.204E+00 0.204E+00 0.204E+00    0.17673E+00       -2.57449E+01  -1.44623E+01  -1.04461E+01  -1.04461E+01   3.20719E+00   3.20719E+00   1.41087E+01   1.74872E+02
  15 0.196E+00 0.196E+00 0.196E+00    0.19032E+00       -2.58789E+01  -1.42334E+01  -1.03862E+01  -1.03862E+01   2.78215E+00   2.78215E+00   1.36337E+01   1.52007E+02
  16 0.188E+00 0.188E+00 0.188E+00    0.20392E+00       -2.60105E+01  -1.39992E+01  -1.03213E+01  -1.03213E+01   2.34715E+00   2.34715E+00   1.31285E+01   1.32234E+02
  17 0.181E+00 0.181E+00 0.181E+00    0.21751E+00       -2.61382E+01  -1.37610E+01  -1.02514E+01  -1.02514E+01   1.90511E+00   1.90511E+00   1.25907E+01   1.15194E+02
  18 0.173E+00 0.173E+00 0.173E+00    0.23111E+00       -2.62612E+01  -1.35196E+01  -1.01763E+01  -1.01763E+01   1.45871E+00   1.45871E+00   1.20167E+01   1.00548E+02
  19 0.165E+00 0.165E+00 0.165E+00    0.24470E+00       -2.63784E+01  -1.32758E+01  -1.00960E+01  -1.00960E+01   1.01048E+00   1.01048E+00   1.14023E+01   8.79895E+01
  20 0.157E+00 0.157E+00 0.157E+00    0.25830E+00       -2.64890E+01  -1.30302E+01  -1.00104E+01  -1.00104E+01   5.62662E-01   5.62662E-01   1.07422E+01   7.72454E+01
  21 0.149E+00 0.149E+00 0.149E+00    0.27189E+00       -2.65925E+01  -1.27833E+01  -9.91918E+00  -9.91918E+00   1.17325E-01   1.17325E-01   1.00309E+01   6.80772E+01
  22 0.141E+00 0.141E+00 0.141E+00    0.28549E+00       -2.66884E+01  -1.25352E+01  -9.82237E+00  -9.82237E+00  -3.23709E-01  -3.23709E-01   9.26299E+00   6.02783E+01
  23 0.133E+00 0.133E+00 0.133E+00    0.29908E+00       -2.67764E+01  -1.22860E+01  -9.71981E+00  -9.71981E+00  -7.58819E-01  -7.58819E-01   8.43426E+00   5.36699E+01
  24 0.126E+00 0.126E+00 0.126E+00    0.31268E+00       -2.68564E+01  -1.20357E+01  -9.61137E+00  -9.61137E+00  -1.18659E+00  -1.18659E+00   7.54292E+00   4.80969E+01
  25 0.118E+00 0.118E+00 0.118E+00    0.32627E+00       -2.69283E+01  -1.17838E+01  -9.49692E+00  -9.49692E+00  -1.60579E+00  -1.60579E+00   6.59095E+00   4.34230E+01
  26 0.110E+00 0.110E+00 0.110E+00    0.33987E+00       -2.69923E+01  -1.15300E+01  -9.37637E+00  -9.37637E+00  -2.01536E+00  -2.01536E+00   5.58514E+00   3.95271E+01
  27 0.102E+00 0.102E+00 0.102E+00    0.35346E+00       -2.70486E+01  -1.12734E+01  -9.24962E+00  -9.24962E+00  -2.41436E+00  -2.41436E+00   4.53739E+00   3.62997E+01
  28 0.942E-01 0.942E-01 0.942E-01    0.36705E+00       -2.70977E+01  -1.10130E+01  -9.11661E+00  -9.11661E+00  -2.80200E+00  -2.80200E+00   3.46394E+00   3.36413E+01
  29 0.863E-01 0.863E-01 0.863E-01    0.38065E+00       -2.71400E+01  -1.07478E+01  -8.97733E+00  -8.97733E+00  -3.17755E+00  -3.17755E+00   2.38360E+00   3.14625E+01
  30 0.785E-01 0.785E-01 0.785E-01    0.39424E+00       -2.71759E+01  -1.04763E+01  -8.83184E+00  -8.83184E+00  -3.54034E+00  -3.54034E+00   1.31544E+00   2.96840E+01
  31 0.706E-01 0.706E-01 0.706E-01    0.40784E+00       -2.72062E+01  -1.01967E+01  -8.68032E+00  -8.68032E+00  -3.88967E+00  -3.88967E+00   2.76783E-01   2.82373E+01
  32 0.628E-01 0.628E-01 0.628E-01    0.42143E+00       -2.72313E+01  -9.90746E+00  -8.52312E+00  -8.52312E+00  -4.22478E+00  -4.22478E+00  -7.18189E-01   2.70648E+01
  33 0.549E-01 0.549E-01 0.549E-01    0.43503E+00       -2.72518E+01  -9.60643E+00  -8.36088E+00  -8.36088E+00  -4.54465E+00  -4.54465E+00  -1.65893E+00   2.61191E+01
  34 0.471E-01 0.471E-01 0.471E-01    0.44862E+00       -2.72682E+01  -9.29174E+00  -8.19477E+00  -8.19477E+00  -4.84787E+00  -4.84787E+00  -2.53831E+00   2.53624E+01
  35 0.392E-01 0.392E-01 0.392E-01    0.46222E+00       -2.72812E+01  -8.96178E+00  -8.02676E+00  -8.02676E+00  -5.13221E+00  -5.13221E+00  -3.35179E+00   2.47647E+01
  36 0.314E-01 0.314E-01 0.314E-01    0.47581E+00       -2.72912E+01  -8.61599E+00  -7.86042E+00  -7.86042E+00  -5.39394E+00  -5.39394E+00  -4.09605E+00   2.43031E+01
  37 0.235E-01 0.235E-01 0.235E-01    0.48941E+00       -2.72985E+01  -8.25689E+00  -7.70215E+00  -7.70215E+00  -5.62655E+00  -5.62655E+00  -4.76635E+00   2.39603E+01
  38 0.157E-01 0.157E-01 0.157E-01    0.50300E+00       -2.73035E+01  -7.89609E+00  -7.56345E+00  -7.56345E+00  -5.81840E+00  -5.81840E+00  -5.34992E+00   2.37238E+01
  39 0.785E-02 0.785E-02 0.785E-02    0.51660E+00       -2.73064E+01  -7.57583E+00  -7.46344E+00  -7.46344E+00  -5.95033E+00  -5.95033E+00  -5.80397E+00   2.35851E+01
  40 0.000E+00 0.000E+00 0.000E+00    0.53019E+00       -2.73073E+01  -7.42599E+00  -7.42599E+00  -7.42599E+00  -5.99842E+00  -5.99842E+00  -5.99842E+00   2.35394E+01
  41 0.000E+00 0.000E+00 0.000E+00    0.53019E+00       -2.73073E+01  -7.42599E+00  -7.42599E+00  -7.42599E+00  -5.99842E+00  -5.99842E+00  -5.99842E+00   2.35394E+01
  42 0.000E+00 0.157E-01 0.000E+00    0.54589E+00       -2.73060E+01  -7.58223E+00  -7.58223E+00  -7.40040E+00  -6.01848E+00  -5.80097E+00  -5.80097E+00   2.36001E+01
  43 0.000E+00 0.314E-01 0.000E+00    0.56159E+00       -2.73022E+01  -7.91470E+00  -7.91470E+00  -7.32337E+00  -6.07823E+00  -5.34461E+00  -5.34461E+00   2.37818E+01
  44 0.000E+00 0.471E-01 0.000E+00    0.57728E+00       -2.72955E+01  -8.28803E+00  -8.28803E+00  -7.19425E+00  -6.17647E+00  -4.76401E+00  -4.76401E+00   2.40834E+01
  45 0.000E+00 0.628E-01 0.000E+00    0.59298E+00       -2.72856E+01  -8.65793E+00  -8.65793E+00  -7.01188E+00  -6.31126E+00  -4.10225E+00  -4.10225E+00   2.45028E+01
  46 0.000E+00 0.785E-01 0.000E+00    0.60868E+00       -2.72721E+01  -9.01118E+00  -9.01118E+00  -6.77460E+00  -6.48017E+00  -3.37088E+00  -3.37088E+00   2.50380E+01
  47 0.000E+00 0.942E-01 0.000E+00    0.62438E+00       -2.72543E+01  -9.34381E+00  -9.34381E+00  -6.68035E+00  -6.48023E+00  -2.57175E+00  -2.57175E+00   2.56863E+01
  48 0.000E+00 0.110E+00 0.000E+00    0.64007E+00       -2.72315E+01  -9.65499E+00  -9.65499E+00  -6.90882E+00  -6.12598E+00  -1.70315E+00  -1.70315E+00   2.64454E+01
  49 0.000E+00 0.126E+00 0.000E+00    0.65577E+00       -2.72028E+01  -9.94511E+00  -9.94511E+00  -7.16254E+00  -5.70841E+00  -7.61674E-01  -7.61674E-01   2.73132E+01
  50 0.000E+00 0.141E+00 0.000E+00    0.67147E+00       -2.71672E+01  -1.02151E+01  -1.02151E+01  -7.43858E+00  -5.22333E+00   2.56925E-01   2.56925E-01   2.82884E+01
  51 0.000E+00 0.157E+00 0.000E+00    0.68717E+00       -2.71236E+01  -1.04660E+01  -1.04660E+01  -7.73421E+00  -4.66574E+00   1.35744E+00   1.35744E+00   2.93703E+01
  52 0.000E+00 0.173E+00 0.000E+00    0.70287E+00       -2.70709E+01  -1.06991E+01  -1.06991E+01  -8.04695E+00  -4.02964E+00   2.54501E+00   2.54501E+00   3.05591E+01
  53 0.000E+00 0.188E+00 0.000E+00    0.71856E+00       -2.70078E+01  -1.09154E+01  -1.09154E+01  -8.37460E+00  -3.30801E+00   3.82495E+00   3.82495E+00   3.18562E+01
  54 0.000E+00 0.204E+00 0.000E+00    0.73426E+00       -2.69331E+01  -1.11160E+01  -1.11160E+01  -8.71524E+00  -2.49257E+00   5.20266E+00   5.20266E+00   3.32638E+01
  55 0.000E+00 0.220E+00 0.000E+00    0.74996E+00       -2.68453E+01  -1.13021E+01  -1.13021E+01  -9.06719E+00  -1.57365E+00   6.68345E+00   6.68345E+00   3.47853E+01
  56 0.000E+00 0.235E+00 0.000E+00    0.76566E+00       -2.67433E+01  -1.14745E+01  -1.14745E+01  -9.42903E+00  -5.40026E-01   8.27242E+00   8.27242E+00   3.64252E+01
  57 0.000E+00 0.251E+00 0.000E+00    0.78135E+00       -2.66256E+01  -1.16342E+01  -1.16342E+01  -9.79954E+00   6.21276E-01   9.97422E+00   9.97422E+00   3.81887E+01
  58 0.000E+00 0.267E+00 0.000E+00    0.79705E+00       -2.64911E+01  -1.17821E+01  -1.17821E+01  -1.01777E+01   1.92518E+00   1.17929E+01   1.17929E+01   4.00817E+01
  59 0.000E+00 0.283E+00 0.000E+00    0.81275E+00       -2.63387E+01  -1.19189E+01  -1.19189E+01  -1.05625E+01   3.38873E+00   1.37315E+01   1.37315E+01   4.21109E+01
  60 0.000E+00 0.298E+00 0.000E+00    0.82845E+00       -2.61674E+01  -1.20453E+01  -1.20453E+01  -1.09533E+01   5.03121E+00   1.57919E+01   1.57919E+01   4.42830E+01
  61 0.000E+00 0.314E+00 0.000E+00    0.84414E+00       -2.59764E+01  -1.21620E+01  -1.21620E+01  -1.13494E+01   6.87427E+00   1.79744E+01   1.79744E+01   4.66044E+01
  62 0.000E+00 0.330E+00 0.000E+00    0.85984E+00       -2.57652E+01  -1.22696E+01  -1.22696E+01  -1.17501E+01   8.94184E+00   2.02772E+01   2.02772E+01   4.90809E+01
  63 0.000E+00 0.345E+00 0.000E+00    0.87554E+00       -2.55335E+01  -1.23687E+01  -1.23687E+01  -1.21550E+01   1.12600E+01   2.26960E+01   2.26960E+01   5.17166E+01
  64 0.000E+00 0.361E+00 0.000E+00    0.89124E+00       -2.52814E+01  -1.25635E+01  -1.24598E+01  -1.24598E+01   1.38563E+01   2.52237E+01   2.52237E+01   5.45132E+01
  65 0.000E+00 0.377E+00 0.000E+00    0.90694E+00       -2.50092E+01  -1.29751E+01  -1.25432E+01  -1.25432E+01   1.67595E+01   2.78494E+01   2.78494E+01   5.74689E+01
  66 0.000E+00 0.392E+00 0.000E+00    0.92263E+00       -2.47175E+01  -1.33896E+01  -1.26196E+01  -1.26196E+01   1.99974E+01   3.05585E+01   3.05585E+01   6.05763E+01
  67 0.000E+00 0.408E+00 0.000E+00    0.93833E+00       -2.44072E+01  -1.38065E+01  -1.26891E+01  -1.26891E+01   2.35958E+01   3.33317E+01   3.33317E+01   6.38212E+01
  68 0.000E+00 0.424E+00 0.000E+00    0.95403E+00       -2.40795E+01  -1.42255E+01  -1.27522E+01  -1.27522E+01   2.75753E+01   3.61449E+01   3.61449E+01   6.71799E+01
  69 0.000E+00 0.440E+00 0.000E+00    0.96973E+00       -2.37358E+01  -1.46463E+01  -1.28092E+01  -1.28092E+01   3.19474E+01   3.89690E+01   3.89690E+01   7.06168E+01
  70 0.000E+00 0.455E+00 0.000E+00    0.98542E+00       -2.33775E+01  -1.50686E+01  -1.28604E+01  -1.28604E+01   3.67109E+01   4.17698E+01   4.17698E+01   7.40817E+01
  71 0.000E+00 0.471E+00 0.000E+00    0.10011E+01       -2.30064E+01  -1.54922E+01  -1.29060E+01  -1.29060E+01   4.18453E+01   4.45084E+01   4.45084E+01   7.75067E+01
  72 0.000E+00 0.487E+00 0.000E+00    0.10168E+01       -2.26240E+01  -1.59169E+01  -1.29462E+01  -1.29462E+01   4.71413E+01   4.71413E+01   4.73062E+01   8.08047E+01
  73 0.000E+00 0.502E+00 0.000E+00    0.10325E+01       -2.22320E+01  -1.63425E+01  -1.29813E+01  -1.29813E+01   4.96223E+01   4.96223E+01   5.30189E+01   8.38684E+01
  74 0.000E+00 0.518E+00 0.000E+00    0.10482E+01       -2.18318E+01  -1.67688E+01  -1.30113E+01  -1.30113E+01   5.19031E+01   5.19031E+01   5.88755E+01   8.65713E+01
  75 0.000E+00 0.534E+00 0.000E+00    0.10639E+01       -2.14249E+01  -1.71956E+01  -1.30365E+01  -1.30365E+01   5.39353E+01   5.39353E+01   6.47337E+01   8.87728E+01
  76 0.000E+00 0.549E+00 0.000E+00    0.10796E+01       -2.10126E+01  -1.76227E+01  -1.30570E+01  -1.30570E+01   5.56726E+01   5.56726E+01   7.04210E+01   9.03258E+01
  77 0.000E+00 0.565E+00 0.000E+00    0.10953E+01       -2.05960E+01  -1.80498E+01  -1.30728E+01  -1.30728E+01   5.70729E+01   5.70729E+01   7.57450E+01   9.10896E+01
  78 0.000E+00 0.581E+00 0.000E+00    0.11110E+01       -2.01760E+01  -1.84768E+01  -1.30840E+01  -1.30840E+01   5.81007E+01   5.81007E+01   8.05085E+01   9.09452E+01
  79 0.000E+00 0.597E+00 0.000E+00    0.11267E+01       -1.97534E+01  -1.89033E+01  -1.30907E+01  -1.30907E+01   5.87287E+01   5.87287E+01   8.45298E+01   8.98121E+01
  80 0.000E+00 0.612E+00 0.000E+00    0.11424E+01       -1.93290E+01  -1.93290E+01  -1.30930E+01  -1.30930E+01   5.89399E+01   5.89399E+01   8.76626E+01   8.76626E+01
  81 0.000E+00 0.612E+00 0.000E+00    0.11424E+01       -1.93290E+01  -1.93290E+01  -1.30930E+01  -1.30930E+01   5.89399E+01   5.89399E+01   8.76626E+01   8.76626E+01
  82 0.161E-01 0.612E+00 0.000E+00    0.11585E+01       -1.93307E+01  -1.93307E+01  -1.30939E+01  -1.30939E+01   5.71014E+01   5.71014E+01   9.07246E+01   9.07246E+01
  83 0.322E-01 0.612E+00 0.000E+00    0.11746E+01       -1.93357E+01  -1.93357E+01  -1.30966E+01  -1.30966E+01   5.30053E+01   5.30053E+01   9.85153E+01   9.85153E+01
  84 0.483E-01 0.612E+00 0.000E+00    0.11907E+01       -1.93439E+01  -1.93439E+01  -1.31010E+01  -1.31010E+01   4.83796E+01   4.83796E+01   1.09378E+02   1.09378E+02
  85 0.644E-01 0.612E+00 0.000E+00    0.12068E+01       -1.93550E+01  -1.93550E+01  -1.31069E+01  -1.31069E+01   4.39311E+01   4.39311E+01   1.22724E+02   1.22724E+02
  86 0.806E-01 0.612E+00 0.000E+00    0.12230E+01       -1.93686E+01  -1.93686E+01  -1.31142E+01  -1.31142E+01   3.98778E+01   3.98778E+01   1.38496E+02   1.38496E+02
  87 0.967E-01 0.612E+00 0.000E+00    0.12391E+01       -1.93844E+01  -1.93844E+01  -1.31227E+01  -1.31227E+01   3.62688E+01   3.62688E+01   1.56848E+02   1.56848E+02
  88 0.113E+00 0.612E+00 0.000E+00    0.12552E+01       -1.94019E+01  -1.94019E+01  -1.31321E+01  -1.31321E+01   3.30946E+01   3.30946E+01   1.78015E+02   1.78015E+02
  89 0.129E+00 0.612E+00 0.000E+00    0.12713E+01       -1.94205E+01  -1.94205E+01  -1.31420E+01  -1.31420E+01   3.03252E+01   3.03252E+01   2.02266E+02   2.02266E+02
  90 0.145E+00 0.612E+00 0.000E+00    0.12874E+01       -1.94398E+01  -1.94398E+01  -1.31523E+01  -1.31523E+01   2.79249E+01   2.79249E+01   2.29844E+02   2.29844E+02
  91 0.161E+00 0.612E+00 0.000E+00    0.13035E+01       -1.94591E+01  -1.94591E+01  -1.31626E+01  -1.31626E+01   2.58584E+01   2.58584E+01   2.60913E+02   2.60913E+02
  92 0.177E+00 0.612E+00 0.000E+00    0.13196E+01       -1.94779E+01  -1.94779E+01  -1.31727E+01  -1.31727E+01   2.40931E+01   2.40931E+01   2.95463E+02   2.95463E+02
  93 0.193E+00 0.612E+00 0.000E+00    0.13357E+01       -1.94959E+01  -1.94959E+01  -1.31822E+01  -1.31822E+01   2.25999E+01   2.25999E+01   3.33197E+02   3.33197E+02
  94 0.209E+00 0.612E+00 0.000E+00    0.13518E+01       -1.95124E+01  -1.95124E+01  -1.31910E+01  -1.31910E+01   2.13538E+01   2.13538E+01   3.73368E+02   3.73368E+02
  95 0.226E+00 0.612E+00 0.000E+00    0.13680E+01       -1.95271E+01  -1.95271E+01  -1.31988E+01  -1.31988E+01   2.03336E+01   2.03336E+01   4.14626E+02   4.14626E+02
  96 0.242E+00 0.612E+00 0.000E+00    0.13841E+01       -1.95396E+01  -1.95396E+01  -1.32055E+01  -1.32055E+01   1.95219E+01   1.95219E+01   4.54889E+02   4.54889E+02
  97 0.258E+00 0.612E+00 0.000E+00    0.14002E+01       -1.95497E+01  -1.95497E+01  -1.32108E+01  -1.32108E+01   1.89045E+01   1.89045E+01   4.91367E+02   4.91367E+02
  98 0.274E+00 0.612E+00 0.000E+00    0.14163E+01       -1.95570E+01  -1.95570E+01  -1.32147E+01  -1.32147E+01   1.84710E+01   1.84710E+01   5.20810E+02   5.20810E+02
  99 0.290E+00 0.612E+00 0.000E+00    0.14324E+01       -1.95615E+01  -1.95615E+01  -1.32171E+01  -1.32171E+01   1.82139E+01   1.82139E+01   5.40058E+02   5.40058E+02
 100 0.306E+00 0.612E+00 0.000E+00    0.14485E+01       -1.95630E+01  -1.95630E+01  -1.32179E+01  -1.32179E+01   1.81286E+01   1.81286E+01   5.46764E+02   5.46764E+02
 101 0.306E+00 0.612E+00 0.000E+00    0.14485E+01       -1.95630E+01  -1.95630E+01  -1.32179E+01  -1.32179E+01   1.81286E+01   1.81286E+01   5.46764E+02   5.46764E+02
 102 0.306E+00 0.602E+00 0.106E-01    0.14634E+01       -1.98301E+01  -1.92991E+01  -1.32576E+01  -1.31700E+01   1.73480E+01   1.88520E+01   4.86371E+02   6.07567E+02
 103 0.306E+00 0.591E+00 0.211E-01    0.14784E+01       -2.00992E+01  -1.90397E+01  -1.32885E+01  -1.31146E+01   1.65290E+01   1.94983E+01   4.28604E+02   6.66029E+02
 104 0.306E+00 0.581E+00 0.317E-01    0.14933E+01       -2.03688E+01  -1.87863E+01  -1.33098E+01  -1.30522E+01   1.56885E+01   2.00473E+01   3.74981E+02   7.19185E+02
 105 0.306E+00 0.570E+00 0.422E-01    0.15082E+01       -2.06378E+01  -1.85402E+01  -1.33206E+01  -1.29833E+01   1.48416E+01   2.04796E+01   3.26360E+02   7.64351E+02
 106 0.306E+00 0.559E+00 0.528E-01    0.15231E+01       -2.09051E+01  -1.83030E+01  -1.33202E+01  -1.29083E+01   1.40013E+01   2.07777E+01   2.83052E+02   7.99601E+02
 107 0.306E+00 0.549E+00 0.633E-01    0.15381E+01       -2.11694E+01  -1.80761E+01  -1.33077E+01  -1.28278E+01   1.31783E+01   2.09273E+01   2.44982E+02   8.24100E+02
 108 0.306E+00 0.538E+00 0.739E-01    0.15530E+01       -2.14297E+01  -1.78609E+01  -1.32820E+01  -1.27421E+01   1.23814E+01   2.09186E+01   2.11829E+02   8.38115E+02
 109 0.306E+00 0.528E+00 0.844E-01    0.15679E+01       -2.16848E+01  -1.76587E+01  -1.32423E+01  -1.26516E+01   1.16177E+01   2.07473E+01   1.83142E+02   8.42821E+02
 110 0.306E+00 0.517E+00 0.950E-01    0.15829E+01       -2.19337E+01  -1.74709E+01  -1.31880E+01  -1.25568E+01   1.08925E+01   2.04148E+01   1.58423E+02   8.39936E+02
 111 0.306E+00 0.507E+00 0.106E+00    0.15978E+01       -2.21753E+01  -1.72982E+01  -1.31185E+01  -1.24580E+01   1.02101E+01   1.99286E+01   1.37174E+02   8.31341E+02
 112 0.306E+00 0.496E+00 0.116E+00    0.16127E+01       -2.24087E+01  -1.71414E+01  -1.30336E+01  -1.23557E+01   9.57360E+00   1.93019E+01   1.18928E+02   8.18809E+02
 113 0.306E+00 0.486E+00 0.127E+00    0.16276E+01       -2.26330E+01  -1.70008E+01  -1.29335E+01  -1.22503E+01   8.98531E+00   1.85525E+01   1.03265E+02   8.03851E+02
 114 0.306E+00 0.475E+00 0.137E+00    0.16426E+01       -2.28472E+01  -1.68761E+01  -1.28188E+01  -1.21423E+01   8.44693E+00   1.77015E+01   8.98133E+01   7.87645E+02
 115 0.306E+00 0.464E+00 0.148E+00    0.16575E+01       -2.30507E+01  -1.67669E+01  -1.26907E+01  -1.20323E+01   7.95970E+00   1.67724E+01   7.82520E+01   7.71060E+02
 116 0.306E+00 0.454E+00 0.158E+00    0.16724E+01       -2.32427E+01  -1.66724E+01  -1.25505E+01  -1.19208E+01   7.52459E+00   1.57892E+01   6.83062E+01   7.54702E+02
 117 0.306E+00 0.443E+00 0.169E+00    0.16873E+01       -2.34226E+01  -1.65913E+01  -1.24001E+01  -1.18086E+01   7.14239E+00   1.47759E+01   5.97426E+01   7.38978E+02
 118 0.306E+00 0.433E+00 0.179E+00    0.17023E+01       -2.35898E+01  -1.65224E+01  -1.22418E+01  -1.16964E+01   6.81380E+00   1.37549E+01   5.23640E+01   7.24142E+02
 119 0.306E+00 0.422E+00 0.190E+00    0.17172E+01       -2.37439E+01  -1.64645E+01  -1.20780E+01  -1.15851E+01   6.53944E+00   1.27469E+01   4.60048E+01   7.10351E+02
 120 0.306E+00 0.412E+00 0.201E+00    0.17321E+01       -2.38847E+01  -1.64161E+01  -1.19115E+01  -1.14758E+01   6.31986E+00   1.17705E+01   4.05260E+01   6.97694E+02
 121 0.306E+00 0.401E+00 0.211E+00    0.17471E+01       -2.40119E+01  -1.63760E+01  -1.17450E+01  -1.13697E+01   6.15539E+00   1.08419E+01   3.58123E+01   6.86215E+02
 122 0.306E+00 0.391E+00 0.222E+00    0.17620E+01       -2.41255E+01  -1.63431E+01  -1.15819E+01  -1.12680E+01   6.04589E+00   9.97510E+00   3.17679E+01   6.75942E+02
 123 0.306E+00 0.380E+00 0.232E+00    0.17769E+01       -2.42252E+01  -1.63162E+01  -1.14254E+01  -1.11724E+01   5.99034E+00   9.18237E+00   2.83153E+01   6.66881E+02
 124 0.306E+00 0.369E+00 0.243E+00    0.17918E+01       -2.43113E+01  -1.62947E+01  -1.12791E+01  -1.10845E+01   5.98605E+00   8.47407E+00   2.53924E+01   6.59034E+02
 125 0.306E+00 0.359E+00 0.253E+00    0.18068E+01       -2.43838E+01  -1.62776E+01  -1.11467E+01  -1.10060E+01   6.02766E+00   7.85911E+00   2.29527E+01   6.52400E+02
 126 0.306E+00 0.348E+00 0.264E+00    0.18217E+01       -2.44429E+01  -1.62645E+01  -1.10318E+01  -1.09387E+01   6.10567E+00   7.34510E+00   2.09642E+01   6.46978E+02
 127 0.306E+00 0.338E+00 0.274E+00    0.18366E+01       -2.44886E+01  -1.62547E+01  -1.09381E+01  -1.08843E+01   6.20495E+00   6.93839E+00   1.94101E+01   6.42764E+02
 128 0.306E+00 0.327E+00 0.285E+00    0.18515E+01       -2.45212E+01  -1.62480E+01  -1.08686E+01  -1.08442E+01   6.30425E+00   6.64407E+00   1.82879E+01   6.39754E+02
 129 0.306E+00 0.317E+00 0.296E+00    0.18665E+01       -2.45406E+01  -1.62441E+01  -1.08258E+01  -1.08196E+01   6.37857E+00   6.46592E+00   1.76062E+01   6.37949E+02
 130 0.306E+00 0.306E+00 0.306E+00    0.18814E+01       -2.45471E+01  -1.62428E+01  -1.08113E+01  -1.08113E+01   6.40628E+00   6.40628E+00   1.73770E+01   6.37348E+02
 131 0.306E+00 0.306E+00 0.306E+00    0.18814E+01       -2.45471E+01  -1.62428E+01  -1.08113E+01  -1.08113E+01   6.40628E+00   6.40628E+00   1.73770E+01   6.37348E+02
 132 0.290E+00 0.314E+00 0.314E+00    0.19011E+01       -2.45358E+01  -1.62451E+01  -1.08365E+01  -1.08257E+01   6.35873E+00   6.51055E+00   1.77767E+01   6.38399E+02
 133 0.274E+00 0.322E+00 0.322E+00    0.19209E+01       -2.45017E+01  -1.62520E+01  -1.09106E+01  -1.08681E+01   6.23950E+00   6.82273E+00   1.89601E+01   6.41553E+02
 134 0.258E+00 0.330E+00 0.330E+00    0.19406E+01       -2.44447E+01  -1.62641E+01  -1.10292E+01  -1.09356E+01   6.09936E+00   7.34101E+00   2.09002E+01   6.46812E+02
 135 0.242E+00 0.338E+00 0.338E+00    0.19603E+01       -2.43644E+01  -1.62821E+01  -1.11858E+01  -1.10245E+01   5.98512E+00   8.06268E+00   2.35901E+01   6.54178E+02
 136 0.226E+00 0.346E+00 0.346E+00    0.19801E+01       -2.42606E+01  -1.63072E+01  -1.13728E+01  -1.11302E+01   5.92651E+00   8.98447E+00   2.70568E+01   6.63651E+02
 137 0.209E+00 0.354E+00 0.354E+00    0.19998E+01       -2.41329E+01  -1.63410E+01  -1.15819E+01  -1.12478E+01   5.93821E+00   1.01027E+01   3.13576E+01   6.75231E+02
 138 0.193E+00 0.362E+00 0.362E+00    0.20195E+01       -2.39815E+01  -1.63855E+01  -1.18049E+01  -1.13730E+01   6.02550E+00   1.14130E+01   3.65706E+01   6.88920E+02
 139 0.177E+00 0.371E+00 0.371E+00    0.20393E+01       -2.38063E+01  -1.64429E+01  -1.20339E+01  -1.15018E+01   6.18888E+00   1.29104E+01   4.27824E+01   7.04717E+02
 140 0.161E+00 0.379E+00 0.379E+00    0.20590E+01       -2.36081E+01  -1.65160E+01  -1.22616E+01  -1.16309E+01   6.42668E+00   1.45880E+01   5.00690E+01   7.22651E+02
 141 0.145E+00 0.387E+00 0.387E+00    0.20787E+01       -2.33878E+01  -1.66076E+01  -1.24808E+01  -1.17577E+01   6.73647E+00   1.64365E+01   5.84684E+01   7.42769E+02
 142 0.129E+00 0.395E+00 0.395E+00    0.20985E+01       -2.31468E+01  -1.67207E+01  -1.26854E+01  -1.18801E+01   7.11560E+00   1.84427E+01   6.79392E+01   7.65150E+02
 143 0.113E+00 0.403E+00 0.403E+00    0.21182E+01       -2.28872E+01  -1.68572E+01  -1.28700E+01  -1.19967E+01   7.56138E+00   2.05887E+01   7.83049E+01   7.89827E+02
 144 0.967E-01 0.411E+00 0.411E+00    0.21379E+01       -2.26115E+01  -1.70180E+01  -1.30302E+01  -1.21063E+01   8.07096E+00   2.28506E+01   8.91922E+01   8.16579E+02
 145 0.806E-01 0.419E+00 0.419E+00    0.21576E+01       -2.23236E+01  -1.72023E+01  -1.31635E+01  -1.22083E+01   8.64116E+00   2.51972E+01   9.99881E+01   8.44468E+02
 146 0.644E-01 0.427E+00 0.427E+00    0.21774E+01       -2.20283E+01  -1.74062E+01  -1.32686E+01  -1.23022E+01   9.26816E+00   2.75895E+01   1.09858E+02   8.71003E+02
 147 0.483E-01 0.435E+00 0.435E+00    0.21971E+01       -2.17330E+01  -1.76227E+01  -1.33460E+01  -1.23877E+01   9.94719E+00   2.99806E+01   1.17864E+02   8.91150E+02
 148 0.322E-01 0.443E+00 0.443E+00    0.22168E+01       -2.14486E+01  -1.78399E+01  -1.33970E+01  -1.24646E+01   1.06722E+01   3.23162E+01   1.23179E+02   8.96949E+02
 149 0.161E-01 0.451E+00 0.451E+00    0.22366E+01       -2.11929E+01  -1.80386E+01  -1.34240E+01  -1.25330E+01   1.14355E+01   3.45360E+01   1.25312E+02   8.79190E+02
 150 0.000E+00 0.459E+00 0.459E+00    0.22563E+01       -2.09927E+01  -1.81901E+01  -1.34294E+01  -1.25928E+01   1.22275E+01   3.65761E+01   1.24218E+02   8.31705E+02
 151 0.000E+00 0.459E+00 0.459E+00    0.22563E+01       -2.09927E+01  -1.81901E+01  -1.34294E+01  -1.25928E+01   1.22275E+01   3.65761E+01   1.24218E+02   8.31705E+02
 152 0.000E+00 0.447E+00 0.447E+00    0.22730E+01       -2.12331E+01  -1.80158E+01  -1.34319E+01  -1.25077E+01   1.11462E+01   3.37487E+01   1.27785E+02   9.04043E+02
 153 0.000E+00 0.436E+00 0.436E+00    0.22896E+01       -2.14835E+01  -1.78312E+01  -1.34258E+01  -1.24149E+01   1.02294E+01   3.09272E+01   1.30697E+02   9.27093E+02
 154 0.000E+00 0.424E+00 0.424E+00    0.23063E+01       -2.17423E+01  -1.76370E+01  -1.34110E+01  -1.23139E+01   9.45221E+00   2.81438E+01   1.32713E+02   8.96389E+02
 155 0.000E+00 0.412E+00 0.412E+00    0.23229E+01       -2.20080E+01  -1.74338E+01  -1.33873E+01  -1.22046E+01   8.79366E+00   2.54267E+01   1.33598E+02   8.23801E+02
 156 0.000E+00 0.400E+00 0.400E+00    0.23396E+01       -2.22792E+01  -1.72221E+01  -1.33547E+01  -1.20867E+01   8.23586E+00   2.27996E+01   1.33155E+02   7.29118E+02
 157 0.000E+00 0.389E+00 0.389E+00    0.23562E+01       -2.25543E+01  -1.70027E+01  -1.33133E+01  -1.19600E+01   7.76343E+00   2.02815E+01   1.31250E+02   6.29917E+02
 158 0.000E+00 0.377E+00 0.377E+00    0.23729E+01       -2.28321E+01  -1.67761E+01  -1.32632E+01  -1.18241E+01   7.36305E+00   1.78867E+01   1.27834E+02   5.37096E+02
 159 0.000E+00 0.365E+00 0.365E+00    0.23895E+01       -2.31109E+01  -1.65429E+01  -1.32045E+01  -1.16790E+01   7.02303E+00   1.56250E+01   1.22958E+02   4.55464E+02
 160 0.000E+00 0.353E+00 0.353E+00    0.24062E+01       -2.33895E+01  -1.63039E+01  -1.31375E+01  -1.15245E+01   6.73298E+00   1.35022E+01   1.16775E+02   3.86020E+02
 161 0.000E+00 0.341E+00 0.341E+00    0.24228E+01       -2.36664E+01  -1.60597E+01  -1.30622E+01  -1.13604E+01   6.48357E+00   1.15206E+01   1.09518E+02   3.27904E+02
 162 0.000E+00 0.330E+00 0.330E+00    0.24395E+01       -2.39402E+01  -1.58108E+01  -1.29790E+01  -1.11868E+01   6.26630E+00   9.67959E+00   1.01475E+02   2.79576E+02
 163 0.000E+00 0.318E+00 0.318E+00    0.24561E+01       -2.42094E+01  -1.55578E+01  -1.28879E+01  -1.10038E+01   6.07333E+00   7.97638E+00   9.29530E+01   2.39414E+02
 164 0.000E+00 0.306E+00 0.306E+00    0.24728E+01       -2.44728E+01  -1.53014E+01  -1.27892E+01  -1.08113E+01   5.89728E+00   6.40628E+00   8.42478E+01   2.05951E+02
 165 0.000E+00 0.294E+00 0.294E+00    0.24894E+01       -2.47289E+01  -1.50420E+01  -1.26831E+01  -1.06098E+01   4.96340E+00   5.73117E+00   7.56176E+01   1.77951E+02
 166 0.000E+00 0.283E+00 0.283E+00    0.25061E+01       -2.49765E+01  -1.47801E+01  -1.25698E+01  -1.03997E+01   3.64100E+00   5.56826E+00   6.72699E+01   1.54407E+02
 167 0.000E+00 0.271E+00 0.271E+00    0.25227E+01       -2.52142E+01  -1.45162E+01  -1.24495E+01  -1.01813E+01   2.43185E+00   5.40194E+00   5.93567E+01   1.34508E+02
 168 0.000E+00 0.259E+00 0.259E+00    0.25394E+01       -2.54409E+01  -1.42506E+01  -1.23224E+01  -9.95545E+00   1.32850E+00   5.22571E+00   5.19772E+01   1.17611E+02
 169 0.000E+00 0.247E+00 0.247E+00    0.25560E+01       -2.56555E+01  -1.39837E+01  -1.21887E+01  -9.72290E+00   3.23538E-01   5.03307E+00   4.51856E+01   1.03203E+02
 170 0.000E+00 0.235E+00 0.235E+00    0.25727E+01       -2.58570E+01  -1.37157E+01  -1.20485E+01  -9.48464E+00  -5.90294E-01   4.81752E+00   3.90000E+01   9.08733E+01
 171 0.000E+00 0.224E+00 0.224E+00    0.25893E+01       -2.60448E+01  -1.34465E+01  -1.19019E+01  -9.24181E+00  -1.41996E+00   4.57254E+00   3.34125E+01   8.02951E+01
 172 0.000E+00 0.212E+00 0.212E+00    0.26060E+01       -2.62182E+01  -1.31761E+01  -1.17489E+01  -8.99573E+00  -2.17206E+00   4.29171E+00   2.83969E+01   7.12037E+01
 173 0.000E+00 0.200E+00 0.200E+00    0.26226E+01       -2.63769E+01  -1.29043E+01  -1.15895E+01  -8.74785E+00  -2.85275E+00   3.96883E+00   2.39160E+01   6.33848E+01
 174 0.000E+00 0.188E+00 0.188E+00    0.26393E+01       -2.65207E+01  -1.26306E+01  -1.14236E+01  -8.49978E+00  -3.46775E+00   3.59822E+00   1.99268E+01   5.66630E+01
 175 0.000E+00 0.177E+00 0.177E+00    0.26559E+01       -2.66497E+01  -1.23545E+01  -1.12508E+01  -8.25325E+00  -4.02233E+00   3.17517E+00   1.63841E+01   5.08935E+01
 176 0.000E+00 0.165E+00 0.165E+00    0.26726E+01       -2.67641E+01  -1.20752E+01  -1.10708E+01  -8.01011E+00  -4.52129E+00   2.69645E+00   1.32431E+01   4.59553E+01
 177 0.000E+00 0.153E+00 0.153E+00    0.26892E+01       -2.68644E+01  -1.17915E+01  -1.08830E+01  -7.77229E+00  -4.96900E+00   2.16097E+00   1.04613E+01   4.17453E+01
 178 0.000E+00 0.141E+00 0.141E+00    0.27059E+01       -2.69514E+01  -1.15022E+01  -1.06865E+01  -7.54175E+00  -5.36939E+00   1.57038E+00   7.99905E+00   3.81744E+01
 179 0.000E+00 0.130E+00 0.130E+00    0.27225E+01       -2.70259E+01  -1.12059E+01  -1.04804E+01  -7.32051E+00  -5.72599E+00   9.29435E-01   5.82032E+00   3.51639E+01
 180 0.000E+00 0.118E+00 0.118E+00    0.27392E+01       -2.70887E+01  -1.09009E+01  -1.02632E+01  -7.11055E+00  -6.04194E+00   2.46022E-01   3.89270E+00   3.26434E+01
 181 0.000E+00 0.106E+00 0.106E+00    0.27558E+01       -2.71410E+01  -1.05853E+01  -1.00333E+01  -6.91382E+00  -6.32003E+00  -4.69312E-01   2.18734E+00   3.05491E+01
 182 0.000E+00 0.942E-01 0.942E-01    0.27725E+01       -2.71838E+01  -1.02572E+01  -9.78886E+00  -6.73218E+00  -6.56271E+00  -1.20424E+00   6.78784E-01   2.88238E+01
 183 0.000E+00 0.824E-01 0.824E-01    0.27891E+01       -2.72183E+01  -9.91459E+00  -9.52762E+00  -6.77210E+00  -6.56740E+00  -1.94573E+00  -6.55269E-01   2.74162E+01
 184 0.000E+00 0.706E-01 0.706E-01    0.28058E+01       -2.72456E+01  -9.55566E+00  -9.24721E+00  -6.95003E+00  -6.42108E+00  -2.68100E+00  -1.83412E+00   2.62818E+01
 185 0.000E+00 0.589E-01 0.589E-01    0.28224E+01       -2.72666E+01  -9.17912E+00  -8.94536E+00  -7.09806E+00  -6.29469E+00  -3.39812E+00  -2.87411E+00   2.53827E+01
 186 0.000E+00 0.471E-01 0.471E-01    0.28391E+01       -2.72825E+01  -8.78496E+00  -8.62053E+00  -7.21746E+00  -6.18949E+00  -4.08577E+00  -3.78816E+00   2.46876E+01
 187 0.000E+00 0.353E-01 0.353E-01    0.28557E+01       -2.72939E+01  -8.37646E+00  -8.27385E+00  -7.30928E+00  -6.10653E+00  -4.73157E+00  -4.58416E+00   2.41717E+01
 188 0.000E+00 0.235E-01 0.235E-01    0.28724E+01       -2.73015E+01  -7.96641E+00  -7.91512E+00  -7.37431E+00  -6.04667E+00  -5.31585E+00  -5.25911E+00   2.38162E+01
 189 0.000E+00 0.118E-01 0.118E-01    0.28890E+01       -2.73059E+01  -7.60026E+00  -7.58563E+00  -7.41310E+00  -6.01051E+00  -5.78838E+00  -5.77647E+00   2.36079E+01
 190 0.000E+00 0.000E+00 0.000E+00    0.29057E+01       -2.73073E+01  -7.42599E+00  -7.42599E+00  -7.42599E+00  -5.99842E+00  -5.99842E+00  -5.99842E+00   2.35394E+01
