         1      -30.5548384655       12.4372041466        1.0000000000
         2      -30.5508208832       12.4337789638        1.0000000000
         3      -27.7013868764        9.9633122140        1.0000000000
         4      -27.7013867585        9.9710973379        1.0000000000
         5      -27.6992481250        9.9596716666        1.0000000000
         6      -27.6992480072        9.9674338249        1.0000000000
         7      -22.2711242604       21.2796789123        1.0000000000
         8      -22.2711242461       22.1096537266        1.0000000000
         9      -22.2700618911       21.2749682747        1.0000000000
        10      -22.2700618769       22.1044361972        1.0000000000
        11      -19.5115848043       31.4708524079        1.0000000000
        12      -19.5113483202       31.4716479404        1.0000000000
        13      -17.6702053798       28.0417082468        1.0000000000
        14      -17.6693376117       28.0416823711        1.0000000000
        15      -16.3498458932       26.4309153543        1.0000000000
        16      -16.3498457012       16.4938007317        1.0000000000
        17      -16.3494979918       26.4321179779        1.0000000000
        18      -16.3494977998       16.4937849035        1.0000000000
        19      -15.3488364027       16.0000000852        1.0000000000
        20      -15.3487748794       16.0000000852        1.0000000000
        21      -15.1765270462       12.0000038619        1.0000000000
        22      -15.1736034378       12.0000038592        1.0000000000
        23      -14.5071417379       18.7421896242        1.0000000000
        24      -14.5071416146       18.9320368119        1.0000000000
        25      -14.5069138440       18.7424335328        1.0000000000
        26      -14.5069137206       18.9321559822        1.0000000000
        27      -13.3271914358        8.0000011062        0.9999999992
        28      -13.3271913494        8.0000010491        0.9999999992
        29      -13.3239745377        8.0000011069        0.9999999992
        30      -13.3239744512        8.0000010496        0.9999999992
        31       -7.6186127579        8.0000004009        0.0000000008
        32       -7.6186127280        8.0000003761        0.0000000008
        33       -7.6110617859        8.0000004011        0.0000000007
        34       -7.6110617558        8.0000003765        0.0000000007
        35       -2.8162864936       12.0000002331        0.0000000000
        36       -2.8101693596       12.0000002333        0.0000000000
        37        6.9596374183       19.6666468577        0.0000000000
        38        6.9596375603       19.6685000126        0.0000000000
        39        6.9626413935       19.6670823514        0.0000000000
        40        6.9626415354       19.6689464760        0.0000000000
        41       17.6298726654       30.1528362724        0.0000000000
        42       17.6349799172       30.1445326742        0.0000000000
        43       18.2292737533       15.4342880116        0.0000000000
        44       18.2292740360       23.3345481431        0.0000000000
        45       18.2325527060       15.4352948981        0.0000000000
        46       18.2325529891       23.3354224309        0.0000000000
        47       19.8067919221       16.0000013424        0.0000000000
        48       19.8073305455       16.0000013444        0.0000000000
        49       25.0662189024       30.5551614420        0.0000000000
        50       25.0707123338       30.5536723869        0.0000000000
        51       41.0223396494       30.2134718862        0.0000000000
        52       41.0223398744       22.9729146472        0.0000000000
        53       41.0264741412       30.2158124839        0.0000000000
        54       41.0264743657       22.9759535361        0.0000000000
        55       51.1874838080       13.9860981416        0.0000000000
        56       51.1874856053       13.7175337248        0.0000000000
        57       51.1925043539       13.9867746197        0.0000000000
        58       51.1925061506       13.7182558796        0.0000000000
        59       69.3276842367       19.2374453463        0.0000000000
        60       69.3303653857       19.2365022875        0.0000000000
