        29         1      -30.55483846549344661980        1.00000000000000000000       12.43720414662945650264
        29         2      -30.55082088320797240044        1.00000000000000000000       12.43377896376717828275
        29         3      -27.70138687639259700290        1.00000000000000000000        9.96331221399492150681
        29         4      -27.70138675851492138236        1.00000000000000000000        9.97109733792336783154
        29         5      -27.69924812502510036438        1.00000000000000000000        9.95967166663022673845
        29         6      -27.69924800715880408575        1.00000000000000000000        9.96743382494174490205
        29         7      -22.27112426036148917774        1.00000000000000000000       21.27967891233344133184
        29         8      -22.27112424614659147437        1.00000000000000000000       22.10965372656362504244
        29         9      -22.27006189113113521216        1.00000000000000000000       21.27496827467024687053
        29        10      -22.27006187693495320445        1.00000000000000000000       22.10443619716471630454
        29        11      -19.51158480429439734394        1.00000000000000000000       31.47085240793985150276
        29        12      -19.51134832020193243807        1.00000000000000000000       31.47164794037318458209
        29        13      -17.67020537984777206475        1.00000000000000000000       28.04170824677191475871
        29        14      -17.66933761168863270541        1.00000000000000000000       28.04168237114573258850
        29        15      -16.34984589319793357731        1.00000000000000000000       26.43091535431818073221
        29        16      -16.34984570122835023653        1.00000000000000000000       16.49380073171969485202
        29        17      -16.34949799177157814256        1.00000000000000000000       26.43211797793545869695
        29        18      -16.34949779981284123664        1.00000000000000000000       16.49378490347328707344
        29        19      -15.34883640265669413338        0.99999999999999977796       16.00000008519485206193
        29        20      -15.34877487943798612946        0.99999999999999977796       16.00000008521839589548
        29        21      -15.17652704623363923986        0.99999999999999911182       12.00000386188125922615
        29        22      -15.17360343784522491717        0.99999999999999911182       12.00000385919881829011
        29        23      -14.50714173788594330006        0.99999999999986943777       18.74218962422860812467
        29        24      -14.50714161455635498044        0.99999999999986943777       18.93203681185208964166
        29        25      -14.50691384396493432973        0.99999999999986921573       18.74243353280167667663
        29        26      -14.50691372062779826990        0.99999999999986921573       18.93215598216320216807
        29        27      -13.32719143576521325656        0.99999999923795535040        8.00000110624769078527
        29        28      -13.32719134944974292978        0.99999999923795490631        8.00000104905089770568
        29        29      -13.32397453772261464167        0.99999999921972326788        8.00000110685751586459
        29        30      -13.32397445124851920184        0.99999999921972282380        8.00000104964959746212
        29        31       -7.61861275791096392851        0.00000000078767636278        8.00000040088449893005
        29        32       -7.61861272798766986369        0.00000000078767618955        8.00000037606969449655
        29        33       -7.61106178588350790193        0.00000000074515266259        8.00000040114321464557
        29        34       -7.61106175581867372415        0.00000000074515249793        8.00000037652181461567
        29        35       -2.81628649356430438289        0.00000000000000000000       12.00000023311440955354
        29        36       -2.81016935964733916009        0.00000000000000000000       12.00000023329171661146
        29        37        6.95963741833606608367        0.00000000000000000000       19.66664685773256948664
        29        38        6.95963756030977442890        0.00000000000000000000       19.66850001260334934727
        29        39        6.96264139348840505050        0.00000000000000000000       19.66708235141455674011
        29        40        6.96264153543896036069        0.00000000000000000000       19.66894647602375201245
        29        41       17.62987266540034525519        0.00000000000000000000       30.15283627237943520072
        29        42       17.63497991715284740621        0.00000000000000000000       30.14453267415830950426
        29        43       18.22927375332929145202        0.00000000000000000000       15.43428801157818419654
        29        44       18.22927403595305051454        0.00000000000000000000       23.33454814312945302390
        29        45       18.23255270601063671165        0.00000000000000000000       15.43529489813697352929
        29        46       18.23255298910661181822        0.00000000000000000000       23.33542243094992585384
        29        47       19.80679192206383021357        0.00000000000000000000       16.00000134244154992302
        29        48       19.80733054549022753577        0.00000000000000000000       16.00000134439098431471
        29        49       25.06621890238944061480        0.00000000000000000000       30.55516144195063787947
        29        50       25.07071233384296604640        0.00000000000000000000       30.55367238690233833154
        29        51       41.02233964935816601383        0.00000000000000000000       30.21347188623848722955
        29        52       41.02233987438435747208        0.00000000000000000000       22.97291464716377618061
        29        53       41.02647414121317837044        0.00000000000000000000       30.21581248393575691580
        29        54       41.02647436567777816663        0.00000000000000000000       22.97595353614955016042
        29        55       51.18748380803544506534        0.00000000000000000000       13.98609814162002962235
        29        56       51.18748560525668978016        0.00000000000000000000       13.71753372476538324065
        29        57       51.19250435389930231622        0.00000000000000000000       13.98677461974825320112
        29        58       51.19250615058619757747        0.00000000000000000000       13.71825587955949821151
        29        59       69.32768423673934421458        0.00000000000000000000       19.23744534629129887549
        29        60       69.33036538571127493924        0.00000000000000000000       19.23650228746666712709
