 primitive lattive vectors : 
   a1=   6.74103371839668       0.000000000000000E+000  0.000000000000000E+000
   a2=  0.000000000000000E+000   6.74103371839668       0.000000000000000E+000
   a3=  0.000000000000000E+000  0.000000000000000E+000   6.74103371839668     
 aLat=|a_1|=   6.74103371839668     
 whereIsOrigin=          29
 posUnitOrg(:,whereIsOrigin)=
  0.000000000000000E+000  0.000000000000000E+000  0.000000000000000E+000
 SLine and Eline should be given in a unit of 2*pi/aLat
 Origin-Cell and # of orbitals
   numPosInUnit           2
   sumNvalInUnit(atom1)           0
   atom11          57
   k+nval(atom11)           4
   sumNvalInUnit(atom1)           4
   atom11          58
   k+nval(atom11)           8
 eigen-value in eV
     ak-x      ak-y      ak-z       Delta-ak          eigen-values            8
   1 0.466E+00 0.466E+00 0.466E+00    0.00000E+00       -3.17381E+01  -2.70254E+01  -1.71996E+01  -1.71996E+01  -2.45500E+00   2.72889E+00   2.72889E+00   3.52210E+01
   2 0.454E+00 0.454E+00 0.454E+00    0.20698E-01       -3.17460E+01  -2.70098E+01  -1.71941E+01  -1.71941E+01  -2.48099E+00   2.68081E+00   2.68081E+00   3.52492E+01
   3 0.442E+00 0.442E+00 0.442E+00    0.41395E-01       -3.17696E+01  -2.69636E+01  -1.71774E+01  -1.71774E+01  -2.55793E+00   2.53779E+00   2.53779E+00   3.53302E+01
   4 0.430E+00 0.430E+00 0.430E+00    0.62093E-01       -3.18080E+01  -2.68874E+01  -1.71497E+01  -1.71497E+01  -2.68277E+00   2.30349E+00   2.30349E+00   3.54531E+01
   5 0.418E+00 0.418E+00 0.418E+00    0.82790E-01       -3.18598E+01  -2.67825E+01  -1.71109E+01  -1.71109E+01  -2.85073E+00   1.98372E+00   1.98372E+00   3.56003E+01
   6 0.406E+00 0.406E+00 0.406E+00    0.10349E+00       -3.19237E+01  -2.66503E+01  -1.70610E+01  -1.70610E+01  -3.05573E+00   1.58617E+00   1.58617E+00   3.57484E+01
   7 0.394E+00 0.394E+00 0.394E+00    0.12419E+00       -3.19979E+01  -2.64925E+01  -1.70000E+01  -1.70000E+01  -3.29083E+00   1.11993E+00   1.11993E+00   3.58691E+01
   8 0.382E+00 0.382E+00 0.382E+00    0.14488E+00       -3.20807E+01  -2.63107E+01  -1.69279E+01  -1.69279E+01  -3.54867E+00   5.95062E-01   5.95062E-01   3.59309E+01
   9 0.370E+00 0.370E+00 0.370E+00    0.16558E+00       -3.21705E+01  -2.61065E+01  -1.68448E+01  -1.68448E+01  -3.82189E+00   2.21576E-02   2.21576E-02   3.59005E+01
  10 0.358E+00 0.358E+00 0.358E+00    0.18628E+00       -3.22659E+01  -2.58812E+01  -1.67507E+01  -1.67507E+01  -4.10341E+00  -5.88153E-01  -5.88153E-01   3.57445E+01
  11 0.347E+00 0.347E+00 0.347E+00    0.20698E+00       -3.23654E+01  -2.56361E+01  -1.66457E+01  -1.66457E+01  -4.38664E+00  -1.22551E+00  -1.22551E+00   3.54311E+01
  12 0.335E+00 0.335E+00 0.335E+00    0.22767E+00       -3.24679E+01  -2.53725E+01  -1.65298E+01  -1.65298E+01  -4.66562E+00  -1.88016E+00  -1.88016E+00   3.49325E+01
  13 0.323E+00 0.323E+00 0.323E+00    0.24837E+00       -3.25724E+01  -2.50914E+01  -1.64033E+01  -1.64033E+01  -4.93508E+00  -2.54316E+00  -2.54316E+00   3.42261E+01
  14 0.311E+00 0.311E+00 0.311E+00    0.26907E+00       -3.26780E+01  -2.47937E+01  -1.62664E+01  -1.62664E+01  -5.19045E+00  -3.20651E+00  -3.20651E+00   3.32966E+01
  15 0.299E+00 0.299E+00 0.299E+00    0.28977E+00       -3.27839E+01  -2.44803E+01  -1.61194E+01  -1.61194E+01  -5.42783E+00  -3.86321E+00  -3.86321E+00   3.21369E+01
  16 0.287E+00 0.287E+00 0.287E+00    0.31046E+00       -3.28896E+01  -2.41521E+01  -1.59625E+01  -1.59625E+01  -5.64395E+00  -4.50730E+00  -4.50730E+00   3.07488E+01
  17 0.275E+00 0.275E+00 0.275E+00    0.33116E+00       -3.29943E+01  -2.38098E+01  -1.57964E+01  -1.57964E+01  -5.83617E+00  -5.13379E+00  -5.13379E+00   2.91431E+01
  18 0.263E+00 0.263E+00 0.263E+00    0.35186E+00       -3.30977E+01  -2.34543E+01  -1.56216E+01  -1.56216E+01  -6.00238E+00  -5.73860E+00  -5.73860E+00   2.73390E+01
  19 0.251E+00 0.251E+00 0.251E+00    0.37256E+00       -3.31993E+01  -2.30864E+01  -1.54387E+01  -1.54387E+01  -6.31847E+00  -6.31847E+00  -6.14101E+00   2.53625E+01
  20 0.239E+00 0.239E+00 0.239E+00    0.39325E+00       -3.32985E+01  -2.27068E+01  -1.52488E+01  -1.52488E+01  -6.87085E+00  -6.87085E+00  -6.25101E+00   2.32449E+01
  21 0.227E+00 0.227E+00 0.227E+00    0.41395E+00       -3.33952E+01  -2.23164E+01  -1.50529E+01  -1.50529E+01  -7.39378E+00  -7.39378E+00  -6.33183E+00   2.10210E+01
  22 0.215E+00 0.215E+00 0.215E+00    0.43465E+00       -3.34890E+01  -2.19158E+01  -1.48522E+01  -1.48522E+01  -7.88581E+00  -7.88581E+00  -6.38343E+00   1.87265E+01
  23 0.203E+00 0.203E+00 0.203E+00    0.45535E+00       -3.35795E+01  -2.15055E+01  -1.46484E+01  -1.46484E+01  -8.34582E+00  -8.34582E+00  -6.40632E+00   1.63969E+01
  24 0.191E+00 0.191E+00 0.191E+00    0.47604E+00       -3.36664E+01  -2.10862E+01  -1.44433E+01  -1.44433E+01  -8.77298E+00  -8.77298E+00  -6.40160E+00   1.40653E+01
  25 0.179E+00 0.179E+00 0.179E+00    0.49674E+00       -3.37495E+01  -2.06579E+01  -1.42390E+01  -1.42390E+01  -9.16656E+00  -9.16656E+00  -6.37101E+00   1.17615E+01
  26 0.167E+00 0.167E+00 0.167E+00    0.51744E+00       -3.38286E+01  -2.02207E+01  -1.40381E+01  -1.40381E+01  -9.52589E+00  -9.52589E+00  -6.31699E+00   9.51140E+00
  27 0.155E+00 0.155E+00 0.155E+00    0.53814E+00       -3.39033E+01  -1.97744E+01  -1.38436E+01  -1.38436E+01  -9.85018E+00  -9.85018E+00  -6.24284E+00   7.33662E+00
  28 0.143E+00 0.143E+00 0.143E+00    0.55883E+00       -3.39735E+01  -1.93182E+01  -1.36589E+01  -1.36589E+01  -1.01385E+01  -1.01385E+01  -6.15286E+00   5.25470E+00
  29 0.131E+00 0.131E+00 0.131E+00    0.57953E+00       -3.40390E+01  -1.88510E+01  -1.34879E+01  -1.34879E+01  -1.03895E+01  -1.03895E+01  -6.05283E+00   3.27979E+00
  30 0.119E+00 0.119E+00 0.119E+00    0.60023E+00       -3.40995E+01  -1.83713E+01  -1.33351E+01  -1.33351E+01  -1.06019E+01  -1.06019E+01  -5.95095E+00   1.42413E+00
  31 0.108E+00 0.108E+00 0.108E+00    0.62093E+00       -3.41548E+01  -1.78771E+01  -1.32047E+01  -1.32047E+01  -1.07743E+01  -1.07743E+01  -5.86051E+00  -2.98739E-01
  32 0.956E-01 0.956E-01 0.956E-01    0.64162E+00       -3.42048E+01  -1.73661E+01  -1.31004E+01  -1.31004E+01  -1.09058E+01  -1.09058E+01  -5.80816E+00  -1.86494E+00
  33 0.836E-01 0.836E-01 0.836E-01    0.66232E+00       -3.42494E+01  -1.68356E+01  -1.30242E+01  -1.30242E+01  -1.09977E+01  -1.09977E+01  -5.86328E+00  -3.21024E+00
  34 0.717E-01 0.717E-01 0.717E-01    0.68302E+00       -3.42883E+01  -1.62827E+01  -1.29752E+01  -1.29752E+01  -1.10535E+01  -1.10535E+01  -6.21089E+00  -4.15613E+00
  35 0.597E-01 0.597E-01 0.597E-01    0.70372E+00       -3.43214E+01  -1.57050E+01  -1.29494E+01  -1.29494E+01  -1.10801E+01  -1.10801E+01  -7.00213E+00  -4.55852E+00
  36 0.478E-01 0.478E-01 0.478E-01    0.72442E+00       -3.43487E+01  -1.51011E+01  -1.29404E+01  -1.29404E+01  -1.10861E+01  -1.10861E+01  -8.00531E+00  -4.65516E+00
  37 0.358E-01 0.358E-01 0.358E-01    0.74511E+00       -3.43700E+01  -1.44732E+01  -1.29414E+01  -1.29414E+01  -1.10804E+01  -1.10804E+01  -9.01164E+00  -4.65698E+00
  38 0.239E-01 0.239E-01 0.239E-01    0.76581E+00       -3.43853E+01  -1.38357E+01  -1.29466E+01  -1.29466E+01  -1.10707E+01  -1.10707E+01  -9.93855E+00  -4.63627E+00
  39 0.119E-01 0.119E-01 0.119E-01    0.78651E+00       -3.43945E+01  -1.32486E+01  -1.29514E+01  -1.29514E+01  -1.10626E+01  -1.10626E+01  -1.07041E+01  -4.61772E+00
  40 0.000E+00 0.000E+00 0.000E+00    0.80721E+00       -3.43975E+01  -1.29533E+01  -1.29533E+01  -1.29533E+01  -1.10595E+01  -1.10595E+01  -1.10595E+01  -4.61069E+00
  41 0.000E+00 0.000E+00 0.000E+00    0.80721E+00       -3.43975E+01  -1.29533E+01  -1.29533E+01  -1.29533E+01  -1.10595E+01  -1.10595E+01  -1.10595E+01  -4.61069E+00
  42 0.000E+00 0.239E-01 0.000E+00    0.83110E+00       -3.43934E+01  -1.31472E+01  -1.30996E+01  -1.30703E+01  -1.09112E+01  -1.08921E+01  -1.08275E+01  -4.61961E+00
  43 0.000E+00 0.478E-01 0.000E+00    0.85500E+00       -3.43812E+01  -1.35700E+01  -1.34415E+01  -1.33341E+01  -1.05677E+01  -1.04869E+01  -1.02909E+01  -4.63247E+00
  44 0.000E+00 0.717E-01 0.000E+00    0.87890E+00       -3.43607E+01  -1.40544E+01  -1.38575E+01  -1.36293E+01  -1.01891E+01  -9.96581E+00  -9.62032E+00  -4.60665E+00
  45 0.000E+00 0.956E-01 0.000E+00    0.90280E+00       -3.43319E+01  -1.45404E+01  -1.42935E+01  -1.39015E+01  -9.90000E+00  -9.38392E+00  -8.88054E+00  -4.47445E+00
  46 0.000E+00 0.119E+00 0.000E+00    0.92670E+00       -3.42950E+01  -1.50085E+01  -1.47283E+01  -1.41335E+01  -9.78852E+00  -8.76332E+00  -8.09801E+00  -4.16726E+00
  47 0.000E+00 0.143E+00 0.000E+00    0.95060E+00       -3.42499E+01  -1.54518E+01  -1.51531E+01  -1.43284E+01  -9.87975E+00  -8.11414E+00  -7.28799E+00  -3.65804E+00
  48 0.000E+00 0.167E+00 0.000E+00    0.97450E+00       -3.41965E+01  -1.58685E+01  -1.55638E+01  -1.45066E+01  -1.01235E+01  -7.44186E+00  -6.46238E+00  -2.97576E+00
  49 0.000E+00 0.191E+00 0.000E+00    0.99840E+00       -3.41351E+01  -1.62584E+01  -1.59586E+01  -1.47081E+01  -1.04200E+01  -6.74992E+00  -5.63201E+00  -2.17667E+00
  50 0.000E+00 0.215E+00 0.000E+00    0.10223E+01       -3.40657E+01  -1.66228E+01  -1.63365E+01  -1.49907E+01  -1.06499E+01  -6.04072E+00  -4.80723E+00  -1.31525E+00
  51 0.000E+00 0.239E+00 0.000E+00    0.10462E+01       -3.39885E+01  -1.69632E+01  -1.66973E+01  -1.54083E+01  -1.07065E+01  -5.31607E+00  -3.99776E+00  -4.34606E-01
  52 0.000E+00 0.263E+00 0.000E+00    0.10701E+01       -3.39038E+01  -1.72814E+01  -1.70412E+01  -1.59753E+01  -1.05304E+01  -4.57734E+00  -3.21223E+00   4.33140E-01
  53 0.000E+00 0.287E+00 0.000E+00    0.10940E+01       -3.38119E+01  -1.75792E+01  -1.73682E+01  -1.66609E+01  -1.01147E+01  -3.82560E+00  -2.45758E+00   1.26458E+00
  54 0.000E+00 0.311E+00 0.000E+00    0.11179E+01       -3.37133E+01  -1.78585E+01  -1.76788E+01  -1.74174E+01  -9.47537E+00  -3.06159E+00  -1.73855E+00   2.04332E+00
  55 0.000E+00 0.335E+00 0.000E+00    0.11418E+01       -3.36084E+01  -1.82024E+01  -1.81210E+01  -1.79735E+01  -8.62919E+00  -2.28583E+00  -1.05722E+00   2.75892E+00
  56 0.000E+00 0.358E+00 0.000E+00    0.11657E+01       -3.34978E+01  -1.89853E+01  -1.83683E+01  -1.82526E+01  -7.58864E+00  -1.49862E+00  -4.12791E-01   3.40655E+00
  57 0.000E+00 0.382E+00 0.000E+00    0.11896E+01       -3.33821E+01  -1.97459E+01  -1.86020E+01  -1.85167E+01  -6.36518E+00  -7.00096E-01   1.98393E-01   3.98723E+00
  58 0.000E+00 0.406E+00 0.000E+00    0.12135E+01       -3.32617E+01  -2.04714E+01  -1.88233E+01  -1.87662E+01  -4.97529E+00   1.09707E-01   7.82573E-01   4.50908E+00
  59 0.000E+00 0.430E+00 0.000E+00    0.12374E+01       -3.31371E+01  -2.11549E+01  -1.90332E+01  -1.90015E+01  -3.44859E+00   9.30762E-01   1.34810E+00   4.99054E+00
  60 0.000E+00 0.454E+00 0.000E+00    0.12613E+01       -3.30089E+01  -2.17931E+01  -1.92328E+01  -1.92231E+01  -1.83969E+00   1.76295E+00   1.90479E+00   5.46732E+00
  61 0.000E+00 0.478E+00 0.000E+00    0.12852E+01       -3.28771E+01  -2.23858E+01  -1.94314E+01  -1.94226E+01  -2.45874E-01   2.46327E+00   2.60595E+00   6.00540E+00
  62 0.000E+00 0.502E+00 0.000E+00    0.13091E+01       -3.27419E+01  -2.29343E+01  -1.96267E+01  -1.96031E+01   1.17731E+00   3.03419E+00   3.45909E+00   6.71260E+00
  63 0.000E+00 0.526E+00 0.000E+00    0.13330E+01       -3.26033E+01  -2.34415E+01  -1.98095E+01  -1.97746E+01   2.25399E+00   3.62761E+00   4.32120E+00   7.69871E+00
  64 0.000E+00 0.550E+00 0.000E+00    0.13569E+01       -3.24611E+01  -2.39111E+01  -1.99801E+01  -1.99373E+01   2.91900E+00   4.25235E+00   5.19048E+00   8.94566E+00
  65 0.000E+00 0.574E+00 0.000E+00    0.13808E+01       -3.23148E+01  -2.43470E+01  -2.01387E+01  -2.00912E+01   3.25818E+00   4.91546E+00   6.06435E+00   1.02734E+01
  66 0.000E+00 0.597E+00 0.000E+00    0.14047E+01       -3.21639E+01  -2.47535E+01  -2.02856E+01  -2.02361E+01   3.38916E+00   5.62171E+00   6.93933E+00   1.14707E+01
  67 0.000E+00 0.621E+00 0.000E+00    0.14286E+01       -3.20078E+01  -2.51351E+01  -2.04212E+01  -2.03720E+01   3.39350E+00   6.37318E+00   7.81088E+00   1.23774E+01
  68 0.000E+00 0.645E+00 0.000E+00    0.14525E+01       -3.18456E+01  -2.54957E+01  -2.05457E+01  -2.04987E+01   3.32051E+00   7.16886E+00   8.67339E+00   1.28970E+01
  69 0.000E+00 0.669E+00 0.000E+00    0.14764E+01       -3.16765E+01  -2.58395E+01  -2.06593E+01  -2.06159E+01   3.20141E+00   8.00429E+00   9.52007E+00   1.29921E+01
  70 0.000E+00 0.693E+00 0.000E+00    0.15003E+01       -3.14997E+01  -2.61701E+01  -2.07623E+01  -2.07235E+01   3.05815E+00   8.87120E+00   1.03430E+01   1.26788E+01
  71 0.000E+00 0.717E+00 0.000E+00    0.15242E+01       -3.13143E+01  -2.64907E+01  -2.08547E+01  -2.08213E+01   2.90780E+00   9.75741E+00   1.11332E+01   1.20156E+01
  72 0.000E+00 0.741E+00 0.000E+00    0.15481E+01       -3.11195E+01  -2.68040E+01  -2.09370E+01  -2.09092E+01   2.76481E+00   1.06467E+01   1.10884E+01   1.18809E+01
  73 0.000E+00 0.765E+00 0.000E+00    0.15720E+01       -3.09146E+01  -2.71123E+01  -2.10091E+01  -2.09869E+01   2.64234E+00   9.99375E+00   1.15192E+01   1.25756E+01
  74 0.000E+00 0.789E+00 0.000E+00    0.15959E+01       -3.06991E+01  -2.74171E+01  -2.10713E+01  -2.10544E+01   2.55307E+00   8.82498E+00   1.23515E+01   1.32064E+01
  75 0.000E+00 0.813E+00 0.000E+00    0.16198E+01       -3.04727E+01  -2.77194E+01  -2.11237E+01  -2.11116E+01   2.50988E+00   7.66248E+00   1.31182E+01   1.37626E+01
  76 0.000E+00 0.836E+00 0.000E+00    0.16437E+01       -3.02353E+01  -2.80193E+01  -2.11664E+01  -2.11585E+01   2.52634E+00   6.56868E+00   1.37928E+01   1.42340E+01
  77 0.000E+00 0.860E+00 0.000E+00    0.16676E+01       -2.99871E+01  -2.83167E+01  -2.11995E+01  -2.11950E+01   2.61715E+00   5.58691E+00   1.43497E+01   1.46112E+01
  78 0.000E+00 0.884E+00 0.000E+00    0.16915E+01       -2.97285E+01  -2.86107E+01  -2.12231E+01  -2.12210E+01   2.79821E+00   4.74274E+00   1.47660E+01   1.48867E+01
  79 0.000E+00 0.908E+00 0.000E+00    0.17154E+01       -2.94604E+01  -2.89002E+01  -2.12372E+01  -2.12367E+01   3.08623E+00   4.04670E+00   1.50236E+01   1.50544E+01
  80 0.000E+00 0.932E+00 0.000E+00    0.17393E+01       -2.91839E+01  -2.91839E+01  -2.12419E+01  -2.12419E+01   3.49764E+00   3.49764E+00   1.51108E+01   1.51108E+01
  81 0.000E+00 0.932E+00 0.000E+00    0.17393E+01       -2.91839E+01  -2.91839E+01  -2.12419E+01  -2.12419E+01   3.49764E+00   3.49764E+00   1.51108E+01   1.51108E+01
  82 0.245E-01 0.932E+00 0.000E+00    0.17638E+01       -2.91842E+01  -2.91842E+01  -2.12481E+01  -2.12481E+01   3.47228E+00   3.47228E+00   1.52509E+01   1.52509E+01
  83 0.491E-01 0.932E+00 0.000E+00    0.17883E+01       -2.91850E+01  -2.91850E+01  -2.12666E+01  -2.12666E+01   3.40504E+00   3.40504E+00   1.56558E+01   1.56558E+01
  84 0.736E-01 0.932E+00 0.000E+00    0.18129E+01       -2.91864E+01  -2.91864E+01  -2.12963E+01  -2.12963E+01   3.31861E+00   3.31861E+00   1.62835E+01   1.62835E+01
  85 0.981E-01 0.932E+00 0.000E+00    0.18374E+01       -2.91883E+01  -2.91883E+01  -2.13362E+01  -2.13362E+01   3.24120E+00   3.24120E+00   1.70742E+01   1.70742E+01
  86 0.123E+00 0.932E+00 0.000E+00    0.18619E+01       -2.91905E+01  -2.91905E+01  -2.13845E+01  -2.13845E+01   3.19938E+00   3.19938E+00   1.79585E+01   1.79585E+01
  87 0.147E+00 0.932E+00 0.000E+00    0.18865E+01       -2.91932E+01  -2.91932E+01  -2.14393E+01  -2.14393E+01   3.21454E+00   3.21454E+00   1.88634E+01   1.88634E+01
  88 0.172E+00 0.932E+00 0.000E+00    0.19110E+01       -2.91960E+01  -2.91960E+01  -2.14987E+01  -2.14987E+01   3.30236E+00   3.30236E+00   1.97160E+01   1.97160E+01
  89 0.196E+00 0.932E+00 0.000E+00    0.19355E+01       -2.91991E+01  -2.91991E+01  -2.15606E+01  -2.15606E+01   3.47353E+00   3.47353E+00   2.04474E+01   2.04474E+01
  90 0.221E+00 0.932E+00 0.000E+00    0.19600E+01       -2.92022E+01  -2.92022E+01  -2.16231E+01  -2.16231E+01   3.73482E+00   3.73482E+00   2.09975E+01   2.09975E+01
  91 0.245E+00 0.932E+00 0.000E+00    0.19846E+01       -2.92053E+01  -2.92053E+01  -2.16844E+01  -2.16844E+01   4.08988E+00   4.08988E+00   2.13201E+01   2.13201E+01
  92 0.270E+00 0.932E+00 0.000E+00    0.20091E+01       -2.92083E+01  -2.92083E+01  -2.17430E+01  -2.17430E+01   4.53955E+00   4.53955E+00   2.13874E+01   2.13874E+01
  93 0.294E+00 0.932E+00 0.000E+00    0.20336E+01       -2.92111E+01  -2.92111E+01  -2.17974E+01  -2.17974E+01   5.08159E+00   5.08159E+00   2.11936E+01   2.11936E+01
  94 0.319E+00 0.932E+00 0.000E+00    0.20582E+01       -2.92137E+01  -2.92137E+01  -2.18467E+01  -2.18467E+01   5.70964E+00   5.70964E+00   2.07555E+01   2.07555E+01
  95 0.343E+00 0.932E+00 0.000E+00    0.20827E+01       -2.92160E+01  -2.92160E+01  -2.18898E+01  -2.18898E+01   6.41102E+00   6.41102E+00   2.01129E+01   2.01129E+01
  96 0.368E+00 0.932E+00 0.000E+00    0.21072E+01       -2.92179E+01  -2.92179E+01  -2.19259E+01  -2.19259E+01   7.16255E+00   7.16255E+00   1.93266E+01   1.93266E+01
  97 0.392E+00 0.932E+00 0.000E+00    0.21317E+01       -2.92194E+01  -2.92194E+01  -2.19546E+01  -2.19546E+01   7.92289E+00   7.92289E+00   1.84808E+01   1.84808E+01
  98 0.417E+00 0.932E+00 0.000E+00    0.21563E+01       -2.92206E+01  -2.92206E+01  -2.19754E+01  -2.19754E+01   8.61993E+00   8.61993E+00   1.76883E+01   1.76883E+01
  99 0.442E+00 0.932E+00 0.000E+00    0.21808E+01       -2.92212E+01  -2.92212E+01  -2.19880E+01  -2.19880E+01   9.13759E+00   9.13759E+00   1.70988E+01   1.70988E+01
 100 0.466E+00 0.932E+00 0.000E+00    0.22053E+01       -2.92215E+01  -2.92215E+01  -2.19922E+01  -2.19922E+01   9.33427E+00   9.33427E+00   1.68756E+01   1.68756E+01
 101 0.466E+00 0.932E+00 0.000E+00    0.22053E+01       -2.92215E+01  -2.92215E+01  -2.19922E+01  -2.19922E+01   9.33427E+00   9.33427E+00   1.68756E+01   1.68756E+01
 102 0.466E+00 0.916E+00 0.161E-01    0.22281E+01       -2.93823E+01  -2.90605E+01  -2.20766E+01  -2.18935E+01   8.94202E+00   9.77045E+00   1.63074E+01   1.75013E+01
 103 0.466E+00 0.900E+00 0.321E-01    0.22508E+01       -2.95400E+01  -2.89025E+01  -2.21448E+01  -2.17821E+01   8.65911E+00   1.01679E+01   1.59399E+01   1.80280E+01
 104 0.466E+00 0.884E+00 0.482E-01    0.22735E+01       -2.96939E+01  -2.87487E+01  -2.21950E+01  -2.16586E+01   8.46267E+00   1.05210E+01   1.57680E+01   1.84416E+01
 105 0.466E+00 0.868E+00 0.643E-01    0.22962E+01       -2.98434E+01  -2.86003E+01  -2.22255E+01  -2.15236E+01   8.32738E+00   1.08244E+01   1.57834E+01   1.87324E+01
 106 0.466E+00 0.852E+00 0.804E-01    0.23190E+01       -2.99878E+01  -2.84582E+01  -2.22351E+01  -2.13775E+01   8.22681E+00   1.10729E+01   1.59759E+01   1.88939E+01
 107 0.466E+00 0.836E+00 0.964E-01    0.23417E+01       -3.01269E+01  -2.83233E+01  -2.22223E+01  -2.12207E+01   8.13458E+00   1.12616E+01   1.63338E+01   1.89229E+01
 108 0.466E+00 0.820E+00 0.112E+00    0.23644E+01       -3.02604E+01  -2.81961E+01  -2.21860E+01  -2.10537E+01   8.02564E+00   1.13854E+01   1.68451E+01   1.88186E+01
 109 0.466E+00 0.804E+00 0.129E+00    0.23871E+01       -3.03882E+01  -2.80768E+01  -2.21256E+01  -2.08768E+01   7.87766E+00   1.14393E+01   1.74969E+01   1.85826E+01
 110 0.466E+00 0.787E+00 0.145E+00    0.24099E+01       -3.05101E+01  -2.79658E+01  -2.20401E+01  -2.06907E+01   7.67249E+00   1.14191E+01   1.82180E+01   1.82757E+01
 111 0.466E+00 0.771E+00 0.161E+00    0.24326E+01       -3.06262E+01  -2.78627E+01  -2.19293E+01  -2.04958E+01   7.39725E+00   1.13214E+01   1.77294E+01   1.91672E+01
 112 0.466E+00 0.755E+00 0.177E+00    0.24553E+01       -3.07364E+01  -2.77675E+01  -2.17929E+01  -2.02927E+01   7.04512E+00   1.11441E+01   1.71223E+01   2.01560E+01
 113 0.466E+00 0.739E+00 0.193E+00    0.24780E+01       -3.08408E+01  -2.76798E+01  -2.16308E+01  -2.00824E+01   6.61532E+00   1.08867E+01   1.64038E+01   2.12259E+01
 114 0.466E+00 0.723E+00 0.209E+00    0.25008E+01       -3.09394E+01  -2.75992E+01  -2.14430E+01  -1.98659E+01   6.11261E+00   1.05503E+01   1.55824E+01   2.23596E+01
 115 0.466E+00 0.707E+00 0.225E+00    0.25235E+01       -3.10324E+01  -2.75252E+01  -2.12301E+01  -1.96443E+01   5.54611E+00   1.01383E+01   1.46685E+01   2.35390E+01
 116 0.466E+00 0.691E+00 0.241E+00    0.25462E+01       -3.11198E+01  -2.74574E+01  -2.09924E+01  -1.94191E+01   4.92792E+00   9.65608E+00   1.36755E+01   2.47454E+01
 117 0.466E+00 0.675E+00 0.257E+00    0.25690E+01       -3.12016E+01  -2.73954E+01  -2.07310E+01  -1.91919E+01   4.27160E+00   9.11144E+00   1.26192E+01   2.59593E+01
 118 0.466E+00 0.659E+00 0.273E+00    0.25917E+01       -3.12779E+01  -2.73389E+01  -2.04470E+01  -1.89647E+01   3.59091E+00   8.51437E+00   1.15184E+01   2.71610E+01
 119 0.466E+00 0.643E+00 0.289E+00    0.26144E+01       -3.13487E+01  -2.72877E+01  -2.01425E+01  -1.87397E+01   2.89875E+00   7.87711E+00   1.03942E+01   2.83309E+01
 120 0.466E+00 0.627E+00 0.305E+00    0.26371E+01       -3.14139E+01  -2.72413E+01  -1.98200E+01  -1.85191E+01   2.20653E+00   7.21383E+00   9.26998E+00   2.94501E+01
 121 0.466E+00 0.611E+00 0.321E+00    0.26599E+01       -3.14736E+01  -2.71998E+01  -1.94832E+01  -1.83057E+01   1.52399E+00   6.54028E+00   8.17026E+00   3.05010E+01
 122 0.466E+00 0.595E+00 0.337E+00    0.26826E+01       -3.15276E+01  -2.71628E+01  -1.91370E+01  -1.81022E+01   8.59432E-01   5.87336E+00   7.12015E+00   3.14678E+01
 123 0.466E+00 0.579E+00 0.354E+00    0.27053E+01       -3.15758E+01  -2.71304E+01  -1.87878E+01  -1.79116E+01   2.20606E-01   5.23057E+00   6.14411E+00   3.23376E+01
 124 0.466E+00 0.562E+00 0.370E+00    0.27280E+01       -3.16181E+01  -2.71024E+01  -1.84442E+01  -1.77371E+01  -3.83948E-01   4.62943E+00   5.26458E+00   3.31005E+01
 125 0.466E+00 0.546E+00 0.386E+00    0.27508E+01       -3.16543E+01  -2.70788E+01  -1.81167E+01  -1.75820E+01  -9.43224E-01   4.08687E+00   4.50040E+00   3.37496E+01
 126 0.466E+00 0.530E+00 0.402E+00    0.27735E+01       -3.16842E+01  -2.70595E+01  -1.78182E+01  -1.74494E+01  -1.44244E+00   3.61863E+00   3.86546E+00   3.42811E+01
 127 0.466E+00 0.514E+00 0.418E+00    0.27962E+01       -3.17076E+01  -2.70446E+01  -1.75632E+01  -1.73425E+01  -1.86294E+00   3.23864E+00   3.36831E+00   3.46936E+01
 128 0.466E+00 0.498E+00 0.434E+00    0.28190E+01       -3.17245E+01  -2.70339E+01  -1.73667E+01  -1.72639E+01  -2.18394E+00   2.95845E+00   3.01281E+00   3.49871E+01
 129 0.466E+00 0.482E+00 0.450E+00    0.28417E+01       -3.17347E+01  -2.70275E+01  -1.72422E+01  -1.72158E+01  -2.38596E+00   2.78673E+00   2.79980E+00   3.51626E+01
 130 0.466E+00 0.466E+00 0.466E+00    0.28644E+01       -3.17381E+01  -2.70254E+01  -1.71996E+01  -1.71996E+01  -2.45500E+00   2.72889E+00   2.72889E+00   3.52210E+01
 131 0.466E+00 0.466E+00 0.466E+00    0.28644E+01       -3.17381E+01  -2.70254E+01  -1.71996E+01  -1.71996E+01  -2.45500E+00   2.72889E+00   2.72889E+00   3.52210E+01
 132 0.442E+00 0.478E+00 0.478E+00    0.28944E+01       -3.17321E+01  -2.70291E+01  -1.72738E+01  -1.72278E+01  -2.33494E+00   2.82988E+00   2.85270E+00   3.51189E+01
 133 0.417E+00 0.491E+00 0.491E+00    0.29245E+01       -3.17144E+01  -2.70403E+01  -1.74862E+01  -1.73106E+01  -1.99015E+00   3.12868E+00   3.22375E+00   3.48118E+01
 134 0.392E+00 0.503E+00 0.503E+00    0.29545E+01       -3.16851E+01  -2.70589E+01  -1.78108E+01  -1.74427E+01  -1.46210E+00   3.61222E+00   3.84119E+00   3.42979E+01
 135 0.368E+00 0.515E+00 0.515E+00    0.29846E+01       -3.16445E+01  -2.70852E+01  -1.82146E+01  -1.76165E+01  -8.07716E-01   4.25749E+00   4.70422E+00   3.35789E+01
 136 0.343E+00 0.527E+00 0.527E+00    0.30146E+01       -3.15930E+01  -2.71190E+01  -1.86650E+01  -1.78229E+01  -8.97573E-02   5.03116E+00   5.81271E+00   3.26668E+01
 137 0.319E+00 0.540E+00 0.540E+00    0.30447E+01       -3.15310E+01  -2.71607E+01  -1.91349E+01  -1.80528E+01   6.28056E-01   5.89070E+00   7.16736E+00   3.15933E+01
 138 0.294E+00 0.552E+00 0.552E+00    0.30747E+01       -3.14588E+01  -2.72104E+01  -1.96034E+01  -1.82972E+01   1.28202E+00   6.78651E+00   8.76927E+00   3.04195E+01
 139 0.270E+00 0.564E+00 0.564E+00    0.31047E+01       -3.13766E+01  -2.72686E+01  -2.00553E+01  -1.85484E+01   1.80920E+00   7.66341E+00   1.06186E+01   2.92403E+01
 140 0.245E+00 0.576E+00 0.576E+00    0.31348E+01       -3.12845E+01  -2.73358E+01  -2.04800E+01  -1.87999E+01   2.15148E+00   8.46224E+00   1.27124E+01   2.81777E+01
 141 0.221E+00 0.589E+00 0.589E+00    0.31648E+01       -3.11826E+01  -2.74126E+01  -2.08702E+01  -1.90463E+01   2.26425E+00   9.12597E+00   1.50413E+01   2.73568E+01
 142 0.196E+00 0.601E+00 0.601E+00    0.31949E+01       -3.10709E+01  -2.74999E+01  -2.12209E+01  -1.92835E+01   2.12855E+00   9.61430E+00   1.75853E+01   2.68641E+01
 143 0.172E+00 0.613E+00 0.613E+00    0.32249E+01       -3.09496E+01  -2.75984E+01  -2.15289E+01  -1.95084E+01   1.76191E+00   9.91874E+00   2.03086E+01   2.67074E+01
 144 0.147E+00 0.625E+00 0.625E+00    0.32549E+01       -3.08190E+01  -2.77087E+01  -2.17920E+01  -1.97187E+01   1.21968E+00   1.00621E+01   2.31545E+01   2.68055E+01
 145 0.123E+00 0.638E+00 0.638E+00    0.32850E+01       -3.06800E+01  -2.78305E+01  -2.20088E+01  -1.99128E+01   5.82452E-01   1.00812E+01   2.60404E+01   2.70179E+01
 146 0.981E-01 0.650E+00 0.650E+00    0.33150E+01       -3.05342E+01  -2.79626E+01  -2.21789E+01  -2.00898E+01  -6.41127E-02   1.00088E+01   2.71890E+01   2.88560E+01
 147 0.736E-01 0.662E+00 0.662E+00    0.33451E+01       -3.03849E+01  -2.81016E+01  -2.23026E+01  -2.02492E+01  -6.45411E-01   9.86776E+00   2.71836E+01   3.14657E+01
 148 0.491E-01 0.675E+00 0.675E+00    0.33751E+01       -3.02383E+01  -2.82406E+01  -2.23808E+01  -2.03904E+01  -1.10493E+00   9.67251E+00   2.69064E+01   3.37181E+01
 149 0.245E-01 0.687E+00 0.687E+00    0.34051E+01       -3.01053E+01  -2.83671E+01  -2.24155E+01  -2.05137E+01  -1.40431E+00   9.43233E+00   2.63101E+01   3.54625E+01
 150 0.000E+00 0.699E+00 0.699E+00    0.34352E+01       -3.00048E+01  -2.84602E+01  -2.24095E+01  -2.06189E+01  -1.52057E+00   9.15400E+00   2.53958E+01   3.65705E+01
 151 0.000E+00 0.699E+00 0.699E+00    0.34352E+01       -3.00048E+01  -2.84602E+01  -2.24095E+01  -2.06189E+01  -1.52057E+00   9.15400E+00   2.53958E+01   3.65705E+01
 152 0.000E+00 0.681E+00 0.681E+00    0.34605E+01       -3.01305E+01  -2.83396E+01  -2.24401E+01  -2.04921E+01  -1.68414E+00   9.81710E+00   2.57452E+01   3.71450E+01
 153 0.000E+00 0.663E+00 0.663E+00    0.34859E+01       -3.02622E+01  -2.82084E+01  -2.24498E+01  -2.03485E+01  -1.79653E+00   1.04770E+01   2.59302E+01   3.67761E+01
 154 0.000E+00 0.645E+00 0.645E+00    0.35112E+01       -3.03988E+01  -2.80665E+01  -2.24390E+01  -2.01867E+01  -1.86241E+00   1.11246E+01   2.59502E+01   3.54273E+01
 155 0.000E+00 0.627E+00 0.627E+00    0.35366E+01       -3.05394E+01  -2.79135E+01  -2.24082E+01  -2.00051E+01  -1.88766E+00   1.17496E+01   2.58079E+01   3.31758E+01
 156 0.000E+00 0.609E+00 0.609E+00    0.35619E+01       -3.06832E+01  -2.77488E+01  -2.23584E+01  -1.98025E+01  -1.87940E+00   1.23408E+01   2.55085E+01   3.01943E+01
 157 0.000E+00 0.592E+00 0.592E+00    0.35873E+01       -3.08295E+01  -2.75721E+01  -2.22906E+01  -1.95772E+01  -1.84593E+00   1.28856E+01   2.50592E+01   2.67112E+01
 158 0.000E+00 0.574E+00 0.574E+00    0.36126E+01       -3.09775E+01  -2.73826E+01  -2.22057E+01  -1.93277E+01  -1.79657E+00   1.33710E+01   2.29638E+01   2.44684E+01
 159 0.000E+00 0.556E+00 0.556E+00    0.36380E+01       -3.11268E+01  -2.71799E+01  -2.21051E+01  -1.90528E+01  -1.74150E+00   1.37830E+01   1.91617E+01   2.37462E+01
 160 0.000E+00 0.538E+00 0.538E+00    0.36633E+01       -3.12768E+01  -2.69630E+01  -2.19897E+01  -1.87512E+01  -1.69146E+00   1.41062E+01   1.54673E+01   2.29053E+01
 161 0.000E+00 0.520E+00 0.520E+00    0.36887E+01       -3.14272E+01  -2.67313E+01  -2.18606E+01  -1.84219E+01  -1.65725E+00   1.19910E+01   1.43217E+01   2.19629E+01
 162 0.000E+00 0.502E+00 0.502E+00    0.37140E+01       -3.15777E+01  -2.64837E+01  -2.17188E+01  -1.80645E+01  -1.64915E+00   8.79757E+00   1.44045E+01   2.09452E+01
 163 0.000E+00 0.484E+00 0.484E+00    0.37394E+01       -3.17281E+01  -2.62192E+01  -2.15653E+01  -1.76791E+01  -1.67630E+00   5.91636E+00   1.43171E+01   1.98927E+01
 164 0.000E+00 0.466E+00 0.466E+00    0.37647E+01       -3.18780E+01  -2.59367E+01  -2.14007E+01  -1.72668E+01  -1.74601E+00   3.35242E+00   1.40061E+01   1.88649E+01
 165 0.000E+00 0.448E+00 0.448E+00    0.37901E+01       -3.20273E+01  -2.56351E+01  -2.12258E+01  -1.68300E+01  -1.86319E+00   1.09572E+00   1.34116E+01   1.79300E+01
 166 0.000E+00 0.430E+00 0.430E+00    0.38154E+01       -3.21758E+01  -2.53131E+01  -2.10411E+01  -1.63731E+01  -2.03005E+00  -8.71769E-01   1.25086E+01   1.71234E+01
 167 0.000E+00 0.412E+00 0.412E+00    0.38408E+01       -3.23232E+01  -2.49695E+01  -2.08471E+01  -1.59027E+01  -2.57094E+00  -2.24591E+00   1.13419E+01   1.64124E+01
 168 0.000E+00 0.394E+00 0.394E+00    0.38661E+01       -3.24693E+01  -2.46029E+01  -2.06441E+01  -1.54285E+01  -4.02212E+00  -2.50736E+00   9.99750E+00   1.57249E+01
 169 0.000E+00 0.376E+00 0.376E+00    0.38915E+01       -3.26136E+01  -2.42123E+01  -2.04321E+01  -1.49643E+01  -5.24277E+00  -2.80860E+00   8.55527E+00   1.49958E+01
 170 0.000E+00 0.358E+00 0.358E+00    0.39168E+01       -3.27558E+01  -2.37966E+01  -2.02113E+01  -1.45285E+01  -6.24599E+00  -3.14187E+00   7.07404E+00   1.41828E+01
 171 0.000E+00 0.341E+00 0.341E+00    0.39422E+01       -3.28954E+01  -2.33550E+01  -1.99812E+01  -1.41437E+01  -7.04045E+00  -3.49798E+00   5.59467E+00   1.32627E+01
 172 0.000E+00 0.323E+00 0.323E+00    0.39675E+01       -3.30319E+01  -2.28870E+01  -1.97415E+01  -1.38348E+01  -7.63242E+00  -3.86678E+00   4.14548E+00   1.22265E+01
 173 0.000E+00 0.305E+00 0.305E+00    0.39929E+01       -3.31648E+01  -2.23928E+01  -1.94912E+01  -1.36221E+01  -8.03189E+00  -4.23769E+00   2.74582E+00   1.10754E+01
 174 0.000E+00 0.287E+00 0.287E+00    0.40182E+01       -3.32935E+01  -2.18730E+01  -1.92294E+01  -1.35123E+01  -8.26147E+00  -4.60013E+00   1.40832E+00   9.81847E+00
 175 0.000E+00 0.269E+00 0.269E+00    0.40436E+01       -3.34175E+01  -2.13292E+01  -1.89544E+01  -1.34925E+01  -8.36129E+00  -4.94402E+00   1.40515E-01   8.47066E+00
 176 0.000E+00 0.251E+00 0.251E+00    0.40689E+01       -3.35361E+01  -2.07644E+01  -1.86638E+01  -1.35352E+01  -8.38315E+00  -5.26031E+00  -1.05391E+00   7.05087E+00
 177 0.000E+00 0.233E+00 0.233E+00    0.40943E+01       -3.36488E+01  -2.01827E+01  -1.83549E+01  -1.36097E+01  -8.37795E+00  -5.54164E+00  -2.17392E+00   5.58064E+00
 178 0.000E+00 0.215E+00 0.215E+00    0.41196E+01       -3.37551E+01  -1.95903E+01  -1.80234E+01  -1.36906E+01  -8.38636E+00  -5.78340E+00  -3.21992E+00   4.08287E+00
 179 0.000E+00 0.197E+00 0.197E+00    0.41450E+01       -3.38544E+01  -1.89949E+01  -1.76644E+01  -1.37600E+01  -8.43583E+00  -5.98599E+00  -4.19168E+00   2.58132E+00
 180 0.000E+00 0.179E+00 0.179E+00    0.41703E+01       -3.39462E+01  -1.84059E+01  -1.72719E+01  -1.38067E+01  -8.54142E+00  -6.16255E+00  -5.08173E+00   1.10089E+00
 181 0.000E+00 0.161E+00 0.161E+00    0.41957E+01       -3.40304E+01  -1.78316E+01  -1.68410E+01  -1.38239E+01  -8.70807E+00  -6.38910E+00  -5.82795E+00  -3.30254E-01
 182 0.000E+00 0.143E+00 0.143E+00    0.42210E+01       -3.41063E+01  -1.72756E+01  -1.63717E+01  -1.38084E+01  -8.93294E+00  -6.91932E+00  -6.20535E+00  -1.67443E+00
 183 0.000E+00 0.125E+00 0.125E+00    0.42464E+01       -3.41739E+01  -1.67326E+01  -1.58721E+01  -1.37588E+01  -9.20748E+00  -7.61075E+00  -6.41539E+00  -2.86927E+00
 184 0.000E+00 0.108E+00 0.108E+00    0.42717E+01       -3.42328E+01  -1.61898E+01  -1.53567E+01  -1.36759E+01  -9.51924E+00  -8.28891E+00  -6.74431E+00  -3.80480E+00
 185 0.000E+00 0.896E-01 0.896E-01    0.42971E+01       -3.42829E+01  -1.56335E+01  -1.48410E+01  -1.35623E+01  -9.85296E+00  -8.92857E+00  -7.33687E+00  -4.36727E+00
 186 0.000E+00 0.717E-01 0.717E-01    0.43224E+01       -3.43241E+01  -1.50534E+01  -1.43380E+01  -1.34234E+01  -1.01910E+01  -9.52409E+00  -8.16216E+00  -4.60003E+00
 187 0.000E+00 0.538E-01 0.538E-01    0.43478E+01       -3.43562E+01  -1.44462E+01  -1.38605E+01  -1.32693E+01  -1.05123E+01  -1.00692E+01  -9.07436E+00  -4.65625E+00
 188 0.000E+00 0.358E-01 0.358E-01    0.43731E+01       -3.43791E+01  -1.38235E+01  -1.34290E+01  -1.31179E+01  -1.07899E+01  -1.05473E+01  -9.95935E+00  -4.64491E+00
 189 0.000E+00 0.179E-01 0.179E-01    0.43985E+01       -3.43929E+01  -1.32453E+01  -1.30921E+01  -1.29996E+01  -1.09867E+01  -1.09117E+01  -1.07086E+01  -4.62116E+00
 190 0.000E+00 0.000E+00 0.000E+00    0.44238E+01       -3.43975E+01  -1.29533E+01  -1.29533E+01  -1.29533E+01  -1.10595E+01  -1.10595E+01  -1.10595E+01  -4.61069E+00
