         1      -30.2443010958        6.2230867849        1.0000000000
         2      -27.6102084532        5.0177568503        1.0000000000
         3      -27.4722398851        4.9847794456        1.0000000000
         4      -22.3755506123       10.4458599102        1.0000000000
         5      -22.2122742637       10.3714691550        1.0000000000
         6      -19.6531026839       15.8048485250        1.0000000000
         7      -17.5782808787       13.9118533260        1.0000000000
         8      -16.4514271249        9.3891589821        1.0000000000
         9      -16.2183065925       11.6189362296        1.0000000000
        10      -15.3019584475        8.0620786760        1.0000000000
        11      -14.9890819028        7.0569211542        1.0000000000
        12      -14.6319375986       14.5008534706        1.0000000000
        13      -14.4658674566       14.7071898269        1.0000000000
        14      -13.2717455240        4.2989395930        0.9999999972
        15      -13.1776640935        4.1633955316        0.9999999945
        16       -8.0193787630        4.1607366704        0.0000000062
        17       -7.8699249950        4.1718867996        0.0000000021
        18       -3.6853234664        6.3145822956        0.0000000000
        19        5.4197177036       14.9022139197        0.0000000000
        20        6.1461100473       13.1173658776        0.0000000000
        21       15.3124577326        8.9411830870        0.0000000000
        22       16.0030630436        9.5902733376        0.0000000000
        23       17.0707854209        8.4624815862        0.0000000000
        24       18.6362945125        9.4717196199        0.0000000000
        25       24.2016159374       13.5981098691        0.0000000000
        26       34.6955416945       13.3849232747        0.0000000000
        27       38.0634586623       13.2994982706        0.0000000000
        28       44.3254425892        6.6517696734        0.0000000000
        29       47.4395186000        7.4364986732        0.0000000000
        30       59.5349765011        8.1980937044        0.0000000000
