# file_format= v0.04.05
        12        30
     18.89726878      0.00000000      0.00000000    0
      0.00000000     18.89726878      0.00000000    0
      0.00000000      0.00000000     18.89726878    0
 6
       4
     2     2     2     2
     0     1     1     1
 1.710E+00 1.625E+00 1.625E+00 1.625E+00
 0.000E+00 0.000E+00 0.000E+00 0.000E+00
 0.000E+00 0.000E+00 0.000E+00 0.000E+00
 0.000E+00 0.000E+00 0.000E+00 0.000E+00
      2.762247996991793     -0.042456186436704      0.255396378419384
 6
       4
     2     2     2     2
     0     1     1     1
 1.710E+00 1.625E+00 1.625E+00 1.625E+00
 0.000E+00 0.000E+00 0.000E+00 0.000E+00
 0.000E+00 0.000E+00 0.000E+00 0.000E+00
 0.000E+00 0.000E+00 0.000E+00 0.000E+00
      1.474472667352067      2.237012884847562      0.407839172722881
 6
       4
     2     2     2     2
     0     1     1     1
 1.710E+00 1.625E+00 1.625E+00 1.625E+00
 0.000E+00 0.000E+00 0.000E+00 0.000E+00
 0.000E+00 0.000E+00 0.000E+00 0.000E+00
 0.000E+00 0.000E+00 0.000E+00 0.000E+00
     -1.250812455049194      2.330239714171657     -0.046819068347566
 6
       4
     2     2     2     2
     0     1     1     1
 1.710E+00 1.625E+00 1.625E+00 1.625E+00
 0.000E+00 0.000E+00 0.000E+00 0.000E+00
 0.000E+00 0.000E+00 0.000E+00 0.000E+00
 0.000E+00 0.000E+00 0.000E+00 0.000E+00
     -2.806252612667659      0.124415324167931     -0.212088303489260
 6
       4
     2     2     2     2
     0     1     1     1
 1.710E+00 1.625E+00 1.625E+00 1.625E+00
 0.000E+00 0.000E+00 0.000E+00 0.000E+00
 0.000E+00 0.000E+00 0.000E+00 0.000E+00
 0.000E+00 0.000E+00 0.000E+00 0.000E+00
     -1.422826131425362     -2.324900358415397     -0.236473782361527
 6
       4
     2     2     2     2
     0     1     1     1
 1.710E+00 1.625E+00 1.625E+00 1.625E+00
 0.000E+00 0.000E+00 0.000E+00 0.000E+00
 0.000E+00 0.000E+00 0.000E+00 0.000E+00
 0.000E+00 0.000E+00 0.000E+00 0.000E+00
      1.248885515434789     -2.342318581995222     -0.143166063819600
 1
       1
     1
     0
 1.300E+00
 0.000E+00
 0.000E+00
 0.000E+00
      4.702812720772630     -0.343446169782148      0.550515703861518
 1
       1
     1
     0
 1.300E+00
 0.000E+00
 0.000E+00
 0.000E+00
      2.292694083959065      4.075610143620107      0.748040044691118
 1
       1
     1
     0
 1.300E+00
 0.000E+00
 0.000E+00
 0.000E+00
     -2.068369796597147      4.221442644098947     -0.181241850110010
 1
       1
     1
     0
 1.300E+00
 0.000E+00
 0.000E+00
 0.000E+00
     -4.784292126970268      0.335273404117421     -0.616258396888419
 1
       1
     1
     0
 1.300E+00
 0.000E+00
 0.000E+00
 0.000E+00
     -2.414223736759803     -4.014087744665646     -0.476146291212477
 1
       1
     1
     0
 1.300E+00
 0.000E+00
 0.000E+00
 0.000E+00
      2.203275950614841     -4.060208369261640     -0.319109193133858
# LCAO coefficients
        30
         1        0.295774343753099   k=         1
         2       -0.012642759171221   k=         1
         3        0.005371184437080   k=         1
         4       -0.000856482078922   k=         1
         5        0.294331950793280   k=         1
         6       -0.001923984848136   k=         1
         7       -0.011672747070061   k=         1
         8       -0.003013164321918   k=         1
         9        0.275452317307264   k=         1
        10        0.002959935427561   k=         1
        11       -0.007226563174524   k=         1
        12        0.001997835417031   k=         1
        13        0.261804665471733   k=         1
        14        0.009334774734824   k=         1
        15        0.001743599993794   k=         1
        16        0.000962328645150   k=         1
        17        0.271016847403139   k=         1
        18        0.006934358315166   k=         1
        19        0.006550150520701   k=         1
        20        0.000402947934170   k=         1
        21        0.284750113521586   k=         1
        22       -0.005671684328250   k=         1
        23        0.007699484034377   k=         1
        24        0.001466036432385   k=         1
        25        0.044966862702472   k=         1
        26        0.041193235131529   k=         1
        27        0.036472341878026   k=         1
        28        0.036754308774750   k=         1
        29        0.041249241076039   k=         1
        30        0.043311727037027   k=         1
         1        0.322855006102655   k=         2
         2       -0.024892067024446   k=         2
         3        0.055413814858069   k=         2
         4        0.003997634354396   k=         2
         5        0.377884115325697   k=         2
         6        0.013701513561727   k=         2
         7       -0.044462677805592   k=         2
         8       -0.003535255139010   k=         2
         9        0.036307028706689   k=         2
        10        0.067009585865176   k=         2
        11        0.029186954069199   k=         2
        12        0.009581595870095   k=         2
        13       -0.311654049485241   k=         2
        14       -0.023350868590285   k=         2
        15        0.042310030667661   k=         2
        16       -0.001236005641332   k=         2
        17       -0.387999408247974   k=         2
        18        0.001381786350526   k=         2
        19       -0.037086783213413   k=         2
        20       -0.002570886283995   k=         2
        21       -0.099549113920430   k=         2
        22        0.071044093030924   k=         2
        23        0.028602260464261   k=         2
        24        0.006579003328550   k=         2
        25        0.091818161393321   k=         2
        26        0.101380714290566   k=         2
        27        0.010062143322160   k=         2
        28       -0.084136394190626   k=         2
        29       -0.112413021208247   k=         2
        30       -0.029507558827496   k=         2
         1       -0.234259345723688   k=         3
         2        0.020358941195615   k=         3
         3        0.056016184496787   k=         3
         4        0.009046295029826   k=         3
         5        0.133078008549642   k=         3
         6       -0.068355360846561   k=         3
         7        0.028719070537888   k=         3
         8       -0.006720688811534   k=         3
         9        0.413561460014172   k=         3
        10       -0.002234302092875   k=         3
        11       -0.038010371966965   k=         3
        12       -0.000158591354525   k=         3
        13        0.284572017185815   k=         3
        14        0.026596480422065   k=         3
        15        0.059435135107960   k=         3
        16        0.004419930707188   k=         3
        17       -0.156122584557798   k=         3
        18       -0.070956281895252   k=         3
        19        0.026109611469129   k=         3
        20       -0.001808339681062   k=         3
        21       -0.396716217010831   k=         3
        22        0.009707899279867   k=         3
        23       -0.030327424297248   k=         3
        24       -0.003092156491446   k=         3
        25       -0.068654982733540   k=         3
        26        0.038043785933261   k=         3
        27        0.111533580544915   k=         3
        28        0.080863232716946   k=         3
        29       -0.047004465857996   k=         3
        30       -0.117670342593241   k=         3
         1       -0.311879636658090   k=         4
         2       -0.094171551409790   k=         4
         3        0.056995792809604   k=         4
         4       -0.003815481264719   k=         4
         5        0.225179519125198   k=         4
         6       -0.083798546538710   k=         4
         7        0.124762715224024   k=         4
         8        0.004586747640513   k=         4
         9        0.113195135359701   k=         4
        10        0.133422014333757   k=         4
        11        0.101725291682879   k=         4
        12        0.018449818187259   k=         4
        13       -0.325740779211918   k=         4
        14        0.092102256059105   k=         4
        15       -0.028098081764979   k=         4
        16        0.008224424449087   k=         4
        17        0.205478104476171   k=         4
        18        0.067279391582749   k=         4
        19       -0.111716780267071   k=         4
        20       -0.003158857155234   k=         4
        21        0.078332242949870   k=         4
        22       -0.123700449277970   k=         4
        23       -0.090593278856294   k=         4
        24       -0.017321542626985   k=         4
        25       -0.225237149435258   k=         4
        26        0.158492456245310   k=         4
        27        0.077644600061953   k=         4
        28       -0.226815783074639   k=         4
        29        0.148800003843150   k=         4
        30        0.056346478522028   k=         4
         1       -0.074022791054732   k=         5
         2       -0.027241375752565   k=         5
         3       -0.161993712889822   k=         5
         4       -0.022816395239935   k=         5
         5       -0.218954401928563   k=         5
         6       -0.129958294679102   k=         5
         7        0.003150281612734   k=         5
         8       -0.020754438856668   k=         5
         9        0.301752559882373   k=         5
        10       -0.073416257464589   k=         5
        11        0.058054125288494   k=         5
        12       -0.013125889893116   k=         5
        13       -0.074367792452345   k=         5
        14        0.031398135131190   k=         5
        15        0.163697898881892   k=         5
        16        0.008076002572452   k=         5
        17       -0.259088583984460   k=         5
        18        0.148108382513569   k=         5
        19        0.009407271145193   k=         5
        20        0.007278665446070   k=         5
        21        0.318077418238717   k=         5
        22        0.102799156083569   k=         5
        23       -0.059224739302087   k=         5
        24       -0.004384942632630   k=         5
        25       -0.048349672125348   k=         5
        26       -0.147947855425208   k=         5
        27        0.206219288924894   k=         5
        28       -0.048763236812121   k=         5
        29       -0.194259437083533   k=         5
        30        0.236586238886668   k=         5
         1       -0.176141336993621   k=         6
         2       -0.159430325946553   k=         6
         3        0.036976749696937   k=         6
         4       -0.015327844526503   k=         6
         5        0.192534208680721   k=         6
         6        0.075436181755843   k=         6
         7        0.132987451595302   k=         6
         8        0.035361309917757   k=         6
         9       -0.199753333631485   k=         6
        10        0.063365719574371   k=         6
        11       -0.133016312137455   k=         6
        12        0.017722196348586   k=         6
        13        0.182664588386377   k=         6
        14       -0.162155627237355   k=         6
        15       -0.013336924802567   k=         6
        16       -0.018747149436631   k=         6
        17       -0.166146971676283   k=         6
        18        0.080925267375686   k=         6
        19        0.123353984039918   k=         6
        20        0.009687399652649   k=         6
        21        0.170723154109379   k=         6
        22        0.068075668665850   k=         6
        23       -0.120557532866421   k=         6
        24       -0.016833623290365   k=         6
        25       -0.250731322477825   k=         6
        26        0.252036072889156   k=         6
        27       -0.252921414361298   k=         6
        28        0.251970358989983   k=         6
        29       -0.234708610157199   k=         6
        30        0.234422480050821   k=         6
         1       -0.011593661550558   k=         7
         2        0.232762182902951   k=         7
         3       -0.021509508302126   k=         7
         4        0.027951751480255   k=         7
         5       -0.008774087326256   k=         7
         6        0.097968845451226   k=         7
         7        0.205463068905385   k=         7
         8        0.036281888467017   k=         7
         9       -0.011617539966145   k=         7
        10       -0.085021521434619   k=         7
        11        0.193407498678713   k=         7
        12       -0.010186919384416   k=         7
        13       -0.007093134594295   k=         7
        14       -0.210063001345971   k=         7
        15        0.018527930821624   k=         7
        16       -0.032547246224415   k=         7
        17       -0.012430207989946   k=         7
        18       -0.112293788093556   k=         7
        19       -0.193097095013868   k=         7
        20       -0.027450225140547   k=         7
        21       -0.017495081826340   k=         7
        22        0.109406895785317   k=         7
        23       -0.199560384321799   k=         7
        24       -0.016538679473104   k=         7
        25        0.197499957127098   k=         7
        26        0.197303528761662   k=         7
        27        0.178557137625040   k=         7
        28        0.183021064694419   k=         7
        29        0.188396553655724   k=         7
        30        0.185802404147607   k=         7
         1       -0.063202273989439   k=         8
         2        0.324053201855950   k=         8
         3       -0.096637121779887   k=         8
         4        0.047766145445236   k=         8
         5       -0.049476362034517   k=         8
         6        0.054150133020077   k=         8
         7        0.303309683425942   k=         8
         8        0.067543221531175   k=         8
         9        0.009252290980789   k=         8
        10       -0.049476254163915   k=         8
        11       -0.117511901572261   k=         8
        12        0.017131498924731   k=         8
        13        0.063543810526251   k=         8
        14        0.318472990779440   k=         8
        15       -0.067020851991824   k=         8
        16        0.057214794529074   k=         8
        17        0.052017550962181   k=         8
        18        0.078569628958566   k=         8
        19        0.277063524092564   k=         8
        20        0.038543495671547   k=         8
        21       -0.004372095670659   k=         8
        22       -0.070891606596498   k=         8
        23       -0.062017059150837   k=         8
        24        0.000992164427214   k=         8
        25        0.250458070377734   k=         8
        26        0.236701013682313   k=         8
        27       -0.074190342482750   k=         8
        28       -0.242747961779902   k=         8
        29       -0.210135398949550   k=         8
        30        0.014789892372578   k=         8
         1        0.024309431395958   k=         9
         2       -0.103531865518401   k=         9
         3       -0.093475453210190   k=         9
         4       -0.017282042261478   k=         9
         5       -0.045671098916234   k=         9
         6        0.166005584623697   k=         9
         7        0.136505770290778   k=         9
         8        0.031523377839402   k=         9
         9       -0.077253892817939   k=         9
        10       -0.148789720335567   k=         9
        11        0.330471608027085   k=         9
        12       -0.036251554674098   k=         9
        13       -0.033634434798737   k=         9
        14       -0.170185661041135   k=         9
        15       -0.096675760568560   k=         9
        16       -0.042077399802412   k=         9
        17        0.055468429088272   k=         9
        18        0.228411523377134   k=         9
        19        0.147336323130152   k=         9
        20        0.025346587654131   k=         9
        21        0.080653493927012   k=         9
        22       -0.225387574297312   k=         9
        23        0.305570141717583   k=         9
        24        0.032364332346831   k=         9
        25       -0.062110108290385   k=         9
        26        0.143967768150404   k=         9
        27        0.271747722836790   k=         9
        28        0.126906058029725   k=         9
        29       -0.171220543988146   k=         9
        30       -0.274598456735220   k=         9
         1       -0.000370804207471   k=        10
         2        0.054691271205139   k=        10
         3        0.348313680097510   k=        10
         4        0.069203910756020   k=        10
         5        0.006204067364588   k=        10
         6        0.289851465646429   k=        10
         7       -0.155923687965414   k=        10
         8        0.037957349296151   k=        10
         9        0.005279707531657   k=        10
        10       -0.284761417007539   k=        10
        11       -0.129342716367819   k=        10
        12       -0.043111435568468   k=        10
        13       -0.002758679936061   k=        10
        14        0.045639963241379   k=        10
        15        0.314243142189521   k=        10
        16        0.004607336326805   k=        10
        17        0.003155720098350   k=        10
        18        0.284331400579163   k=        10
        19       -0.138895811579385   k=        10
        20        0.001073516370299   k=        10
        21       -0.008711061873341   k=        10
        22       -0.287726253137951   k=        10
        23       -0.186459099172457   k=        10
        24       -0.026213051811158   k=        10
        25        0.007784553302988   k=        10
        26       -0.019440309188546   k=        10
        27        0.003707610715741   k=        10
        28       -0.018626941085879   k=        10
        29       -0.027168330428637   k=        10
        30        0.016358159216597   k=        10
         1       -0.002262297697105   k=        11
         2       -0.062648012551766   k=        11
         3       -0.106751013478861   k=        11
         4        0.325151007498265   k=        11
         5        0.000695991144799   k=        11
         6       -0.088158270103708   k=        11
         7       -0.010610343742354   k=        11
         8        0.335599776535921   k=        11
         9        0.006003874486456   k=        11
        10       -0.039257880546517   k=        11
        11       -0.033449649920058   k=        11
        12        0.319434310171374   k=        11
        13       -0.003054193312144   k=        11
        14       -0.079737274428626   k=        11
        15        0.066377864845924   k=        11
        16        0.292303107661775   k=        11
        17       -0.010133949628968   k=        11
        18        0.007101789085231   k=        11
        19       -0.101688428138277   k=        11
        20        0.299593180742981   k=        11
        21        0.013508427973517   k=        11
        22       -0.020693486345880   k=        11
        23        0.021136116096507   k=        11
        24        0.329154950723243   k=        11
        25        0.001707645664693   k=        11
        26        0.018551067337219   k=        11
        27       -0.038662556668043   k=        11
        28        0.032806582629256   k=        11
        29        0.047164174122804   k=        11
        30       -0.053721392435880   k=        11
         1        0.039929586748395   k=        12
         2       -0.178387110613123   k=        12
         3        0.187143905378305   k=        12
         4        0.037138697876506   k=        12
         5       -0.002639057076725   k=        12
         6        0.307334020305655   k=        12
         7       -0.157150116831842   k=        12
         8        0.066585987699370   k=        12
         9       -0.055670717211792   k=        12
        10       -0.254506606738293   k=        12
        11        0.161141520594787   k=        12
        12        0.009430986860009   k=        12
        13        0.054983616056553   k=        12
        14        0.175998023807798   k=        12
        15       -0.243290268345344   k=        12
        16        0.102660305841208   k=        12
        17        0.013637442925570   k=        12
        18       -0.293479048824241   k=        12
        19        0.220988429250118   k=        12
        20        0.077635556910879   k=        12
        21       -0.035827216399367   k=        12
        22        0.229001215703997   k=        12
        23       -0.107952201568897   k=        12
        24        0.042720151387479   k=        12
        25       -0.215969427318478   k=        12
        26       -0.011745985652087   k=        12
        27        0.269713777503502   k=        12
        28       -0.219640779818711   k=        12
        29       -0.042432889217532   k=        12
        30        0.229360551736646   k=        12
         1       -0.037965585906936   k=        13
         2        0.181456471768251   k=        13
         3        0.260296841187158   k=        13
         4        0.118552141879581   k=        13
         5        0.053058435491627   k=        13
         6       -0.184751886175132   k=        13
         7       -0.186051344298763   k=        13
         8       -0.027569334667247   k=        13
         9       -0.009925246978198   k=        13
        10        0.283903073234554   k=        13
        11        0.210045371469936   k=        13
        12        0.051215954945826   k=        13
        13       -0.018697587835002   k=        13
        14       -0.143828914542338   k=        13
        15       -0.300387016700066   k=        13
        16        0.000871487960742   k=        13
        17        0.053984062235511   k=        13
        18        0.116148004504405   k=        13
        19        0.196252416218999   k=        13
        20        0.077020755918425   k=        13
        21       -0.036729561909125   k=        13
        22       -0.221532242158942   k=        13
        23       -0.278286667661097   k=        13
        24        0.025124684843223   k=        13
        25        0.165177248511540   k=        13
        26       -0.280436015355722   k=        13
        27        0.102554739863593   k=        13
        28        0.141968958544143   k=        13
        29       -0.253288578287162   k=        13
        30        0.125759183195764   k=        13
         1        0.004168171952343   k=        14
         2        0.064543742574828   k=        14
         3        0.044614564111020   k=        14
         4       -0.412069021971968   k=        14
         5       -0.006224102928339   k=        14
         6        0.066867285252659   k=        14
         7        0.073861942545284   k=        14
         8       -0.477344797359201   k=        14
         9        0.001094791734858   k=        14
        10        0.007186260362621   k=        14
        11       -0.014252561912875   k=        14
        12       -0.034703256000460   k=        14
        13        0.014282294328067   k=        14
        14       -0.061854455107267   k=        14
        15        0.017735766872229   k=        14
        16        0.400715132655049   k=        14
        17        0.006667389456682   k=        14
        18        0.001414430998159   k=        14
        19       -0.055833655825785   k=        14
        20        0.489273176436358   k=        14
        21        0.004074189746598   k=        14
        22       -0.026386919666488   k=        14
        23       -0.012252153440005   k=        14
        24        0.125196679643055   k=        14
        25        0.002699851983557   k=        14
        26        0.010379095769052   k=        14
        27       -0.022012133771619   k=        14
        28        0.012340096714756   k=        14
        29        0.000894086293182   k=        14
        30       -0.010742742761631   k=        14
         1        0.009360454765103   k=        15
         2        0.046092217308219   k=        15
         3        0.055418259481692   k=        15
         4       -0.287374526497810   k=        15
         5        0.001381154762132   k=        15
         6       -0.033856429358254   k=        15
         7       -0.031852624484216   k=        15
         8        0.159168295677784   k=        15
         9       -0.008527113240634   k=        15
        10       -0.068252801296991   k=        15
        11        0.030208027087145   k=        15
        12        0.529885966903815   k=        15
        13        0.004678584856722   k=        15
        14       -0.069962956782538   k=        15
        15       -0.019473066027756   k=        15
        16        0.356043134479371   k=        15
        17        0.003734697273987   k=        15
        18        0.034431308185089   k=        15
        19        0.023197059293851   k=        15
        20       -0.215987009787244   k=        15
        21        0.004037832174294   k=        15
        22       -0.011350040856895   k=        15
        23        0.059502469528026   k=        15
        24       -0.512024278878498   k=        15
        25        0.017064166358928   k=        15
        26       -0.026783102534983   k=        15
        27        0.017791212702870   k=        15
        28        0.003893029304525   k=        15
        29       -0.008642750453304   k=        15
        30       -0.007026761122599   k=        15
         1        0.016885538718184   k=        16
         2        0.076667394715689   k=        16
         3        0.082598031674144   k=        16
         4       -0.572594152627798   k=        16
         5        0.003178030604369   k=        16
         6       -0.014874928643444   k=        16
         7       -0.018916701069219   k=        16
         8        0.109591224204900   k=        16
         9       -0.004555875467725   k=        16
        10       -0.087158534256684   k=        16
        11        0.010712426070280   k=        16
        12        0.555333499195620   k=        16
        13       -0.021296305432779   k=        16
        14        0.102641942060076   k=        16
        15        0.007010560816417   k=        16
        16       -0.638974267500242   k=        16
        17        0.012032519695692   k=        16
        18       -0.000630568955775   k=        16
        19        0.006044123442656   k=        16
        20        0.076419585167630   k=        16
        21       -0.007958163299054   k=        16
        22       -0.006376541922718   k=        16
        23       -0.062210995033550   k=        16
        24        0.466638720912417   k=        16
        25       -0.018777800283822   k=        16
        26       -0.016220763234050   k=        16
        27        0.002269982374226   k=        16
        28        0.011261800355222   k=        16
        29       -0.007660864705723   k=        16
        30        0.001617196804469   k=        16
         1        0.002287656236425   k=        17
         2       -0.046231439473639   k=        17
         3       -0.027397837440340   k=        17
         4        0.257702518172583   k=        17
         5       -0.005444661521604   k=        17
         6        0.098065784258244   k=        17
         7        0.080187624249124   k=        17
         8       -0.619751677815430   k=        17
         9       -0.003911395149026   k=        17
        10       -0.051878010718558   k=        17
        11        0.009610874880223   k=        17
        12        0.359653979892723   k=        17
        13        0.019829643024799   k=        17
        14       -0.022976442183946   k=        17
        15       -0.000792896944240   k=        17
        16        0.225019716964047   k=        17
        17       -0.011340598161379   k=        17
        18        0.032486602261100   k=        17
        19        0.059960811524145   k=        17
        20       -0.674685678058618   k=        17
        21        0.004106557986577   k=        17
        22       -0.020067594547182   k=        17
        23       -0.053455350184208   k=        17
        24        0.460445901150096   k=        17
        25       -0.011205296409811   k=        17
        26       -0.008728487172641   k=        17
        27       -0.013615455859400   k=        17
        28       -0.020947351036163   k=        17
        29        0.004084665773311   k=        17
        30       -0.003294537768731   k=        17
         1       -0.009902286438696   k=        18
         2       -0.081382760204919   k=        18
         3       -0.038851451925123   k=        18
         4        0.561336177957815   k=        18
         5       -0.007374142465321   k=        18
         6        0.081813572205731   k=        18
         7        0.088082925020856   k=        18
         8       -0.552690976309878   k=        18
         9       -0.002458779952766   k=        18
        10       -0.074636131308400   k=        18
        11        0.024557838299131   k=        18
        12        0.510976208072976   k=        18
        13       -0.021523462376221   k=        18
        14        0.082543680317960   k=        18
        15        0.048389305895708   k=        18
        16       -0.481114471428766   k=        18
        17        0.012741475578705   k=        18
        18       -0.048967851524863   k=        18
        19       -0.019338906319036   k=        18
        20        0.498852637299795   k=        18
        21        0.003382179439126   k=        18
        22        0.033497589694873   k=        18
        23        0.085886935369416   k=        18
        24       -0.523415129177662   k=        18
        25        0.012246585703428   k=        18
        26       -0.024119160083143   k=        18
        27       -0.032820205630292   k=        18
        28        0.018907428840734   k=        18
        29        0.010079166666139   k=        18
        30        0.023357696630455   k=        18
         1       -0.053561182934503   k=        19
         2        0.428031783577546   k=        19
         3        0.384162836887235   k=        19
         4        0.089107140088353   k=        19
         5       -0.022561349776943   k=        19
         6        0.411702836826769   k=        19
         7        0.376384158200175   k=        19
         8        0.144919049073060   k=        19
         9        0.040274752364649   k=        19
        10        0.512761823703442   k=        19
        11        0.299309396520129   k=        19
        12        0.037882153568617   k=        19
        13       -0.028613665806461   k=        19
        14        0.299611368845683   k=        19
        15        0.409913669525139   k=        19
        16        0.083912124075281   k=        19
        17        0.052529319336618   k=        19
        18        0.250804741927371   k=        19
        19        0.335967171651931   k=        19
        20        0.019839518133229   k=        19
        21        0.082992279743454   k=        19
        22        0.389241972296849   k=        19
        23        0.464997279406843   k=        19
        24        0.088039639661025   k=        19
        25       -0.381322239333488   k=        19
        26       -0.558578807176777   k=        19
        27       -0.110399311738803   k=        19
        28        0.331000889749272   k=        19
        29        0.434594838720129   k=        19
        30        0.162641245062481   k=        19
         1        0.000745809748171   k=        20
         2        0.214553871578437   k=        20
         3       -0.343251720224557   k=        20
         4        0.019249358289897   k=        20
         5       -0.053966727703071   k=        20
         6        0.476823910210206   k=        20
         7       -0.208457207454635   k=        20
         8        0.009815833081329   k=        20
         9        0.027604014754767   k=        20
        10        0.412799214387457   k=        20
        11       -0.487467083229888   k=        20
        12        0.099177720948956   k=        20
        13        0.061055126002599   k=        20
        14        0.376027439966000   k=        20
        15       -0.511438125737875   k=        20
        16        0.026900519256803   k=        20
        17       -0.086689733639021   k=        20
        18        0.427103261235219   k=        20
        19       -0.503002327778122   k=        20
        20       -0.002268787711610   k=        20
        21       -0.032759872319498   k=        20
        22        0.331626683038597   k=        20
        23       -0.275273215266551   k=        20
        24       -0.049053579807064   k=        20
        25       -0.297217687186953   k=        20
        26        0.044638134551916   k=        20
        27        0.606339090282730   k=        20
        28        0.382555164728602   k=        20
        29       -0.137948576905925   k=        20
        30       -0.433795833705893   k=        20
         1        0.120596023459091   k=        21
         2       -0.414541691221020   k=        21
         3       -0.548694549655346   k=        21
         4       -0.123553714083818   k=        21
         5        0.050281664141832   k=        21
         6        0.241557456235810   k=        21
         7       -0.260646526493353   k=        21
         8        0.023120621596017   k=        21
         9       -0.049126472981859   k=        21
        10        0.176222107781412   k=        21
        11        0.802328568343660   k=        21
        12        0.009346470705395   k=        21
        13       -0.008785512199032   k=        21
        14        0.636466463486681   k=        21
        15        0.470727452802753   k=        21
        16        0.115564012530772   k=        21
        17        0.107372293030383   k=        21
        18       -0.119109108821456   k=        21
        19        0.232859450314542   k=        21
        20        0.005080278881194   k=        21
        21       -0.148830018247324   k=        21
        22       -0.068379568866909   k=        21
        23       -0.788066915891046   k=        21
        24       -0.100556431055028   k=        21
        25        0.198654483363370   k=        21
        26        0.057126485643603   k=        21
        27       -0.483117795301821   k=        21
        28        0.498838169022269   k=        21
        29        0.031208695334654   k=        21
        30       -0.452984992864589   k=        21
         1       -0.130948198025833   k=        22
         2       -0.103666902729650   k=        22
         3       -0.440523717189124   k=        22
         4       -0.085972896704078   k=        22
         5       -0.164906303391853   k=        22
         6        0.542216349219476   k=        22
         7       -0.180917846659652   k=        22
         8        0.054378189288331   k=        22
         9       -0.148665516924894   k=        22
        10        0.722999231541054   k=        22
        11       -0.381930878023682   k=        22
        12        0.119767727970883   k=        22
        13       -0.222364956104678   k=        22
        14       -0.163338727733833   k=        22
        15        0.569929981447723   k=        22
        16       -0.009054085995314   k=        22
        17       -0.063469003645284   k=        22
        18       -0.662108190658224   k=        22
        19        0.330168656984994   k=        22
        20       -0.012483240866784   k=        22
        21       -0.074336300786149   k=        22
        22       -0.744020749363603   k=        22
        23        0.103202111217569   k=        22
        24       -0.006256648035704   k=        22
        25        0.163888492601364   k=        22
        26        0.066704740541916   k=        22
        27        0.614673952983094   k=        22
        28        0.007951502540962   k=        22
        29        0.008490316905063   k=        22
        30        0.457018540085418   k=        22
         1       -0.195640983538434   k=        23
         2        0.186733273984169   k=        23
         3        0.110920081318986   k=        23
         4        0.039782273895101   k=        23
         5       -0.232973221971458   k=        23
         6       -0.495184080359505   k=        23
         7       -0.660074035382477   k=        23
         8       -0.167258165123946   k=        23
         9       -0.326658873052285   k=        23
        10       -0.162727717481772   k=        23
        11       -0.053732474069376   k=        23
        12       -0.013276222037851   k=        23
        13       -0.294833826859892   k=        23
        14        0.101615258241770   k=        23
        15        0.055661370291802   k=        23
        16        0.037312747545993   k=        23
        17       -0.090672319929958   k=        23
        18        0.491720494277454   k=        23
        19        0.586696697053453   k=        23
        20        0.067761794019925   k=        23
        21       -0.222528077206221   k=        23
        22        0.306910707012384   k=        23
        23        0.081090021007649   k=        23
        24        0.027420393427466   k=        23
        25        0.014814902260892   k=        23
        26        0.821366613957348   k=        23
        27        0.219573978560730   k=        23
        28        0.304756187795697   k=        23
        29        0.722357042486013   k=        23
        30        0.123589243200217   k=        23
         1       -0.151459851380524   k=        24
         2       -0.698676544195131   k=        24
         3        0.434976415890478   k=        24
         4       -0.061496746133298   k=        24
         5       -0.166236610119917   k=        24
         6       -0.170122990833798   k=        24
         7        0.501836701096892   k=        24
         8        0.045907864765924   k=        24
         9       -0.181686638012234   k=        24
        10       -0.143846139550906   k=        24
        11       -0.057390964013544   k=        24
        12       -0.036401254202688   k=        24
        13       -0.136294081097213   k=        24
        14        0.737058286432397   k=        24
        15       -0.319132016705274   k=        24
        16        0.119806559238937   k=        24
        17       -0.261473821289441   k=        24
        18        0.003850535750343   k=        24
        19       -0.452734033820494   k=        24
        20       -0.053250459526852   k=        24
        21       -0.165389356274221   k=        24
        22       -0.114914711843094   k=        24
        23        0.360628615918804   k=        24
        24        0.058689884712168   k=        24
        25        0.730883728645418   k=        24
        26       -0.171017709768186   k=        24
        27        0.119514914717897   k=        24
        28        0.694449794706912   k=        24
        29       -0.109225974335847   k=        24
        30        0.438560617345669   k=        24
         1       -0.189549199743871   k=        25
         2       -0.702590049135124   k=        25
         3        0.056178658944758   k=        25
         4       -0.092036483008793   k=        25
         5        0.219634621762657   k=        25
         6        0.150747996113428   k=        25
         7        0.505355554080357   k=        25
         8        0.079321692310371   k=        25
         9       -0.205078655369677   k=        25
        10        0.088571332609723   k=        25
        11       -0.362217961131689   k=        25
        12        0.012798196489116   k=        25
        13        0.175029147281556   k=        25
        14       -0.460502011624894   k=        25
        15        0.029316729523313   k=        25
        16       -0.081624259784946   k=        25
        17       -0.145735654646041   k=        25
        18        0.467730086751941   k=        25
        19        0.544417361879455   k=        25
        20        0.088018820424972   k=        25
        21       -0.008381500283526   k=        25
        22        0.374361364325404   k=        25
        23       -0.526036067548069   k=        25
        24       -0.044020724640245   k=        25
        25        0.649959161755886   k=        25
        26       -0.503359041118263   k=        25
        27        0.375660306324976   k=        25
        28       -0.442039077541176   k=        25
        29        0.633417535028769   k=        25
        30       -0.478202201997019   k=        25
         1        0.166888767934667   k=        26
         2        0.076577457813691   k=        26
         3        0.485465728204208   k=        26
         4        0.076828802993839   k=        26
         5        0.044351434005369   k=        26
         6       -0.544521429058169   k=        26
         7        0.300441418694973   k=        26
         8       -0.045765479317067   k=        26
         9       -0.700497102755697   k=        26
        10       -0.105993752424773   k=        26
        11       -0.322027876322022   k=        26
        12       -0.040979019004319   k=        26
        13       -0.460685187116938   k=        26
        14        0.122491589097405   k=        26
        15        0.513005216438030   k=        26
        16        0.065245487852581   k=        26
        17        0.635850539204911   k=        26
        18       -0.510150035616227   k=        26
        19        0.074103476888229   k=        26
        20       -0.048509336993905   k=        26
        21        0.592999375996021   k=        26
        22        0.334332238170299   k=        26
        23       -0.246927015965374   k=        26
        24       -0.007185697740550   k=        26
        25       -0.105013454277128   k=        26
        26       -0.047043045944699   k=        26
        27        0.493568210828492   k=        26
        28        0.293577079320150   k=        26
        29       -0.489501506406728   k=        26
        30       -0.578129114637209   k=        26
         1       -0.566282288384500   k=        27
         2       -0.270992405744117   k=        27
         3        0.501304536031410   k=        27
         4        0.001551290865793   k=        27
         5       -0.773207827115119   k=        27
         6        0.196686111336191   k=        27
         7       -0.351994294898878   k=        27
         8        0.014011793677055   k=        27
         9        0.063007500668091   k=        27
        10        0.659425208012359   k=        27
        11        0.360772742649073   k=        27
        12        0.102443575316297   k=        27
        13        0.643924714562700   k=        27
        14       -0.101518728028248   k=        27
        15        0.320620452924254   k=        27
        16       -0.040997763724478   k=        27
        17        0.386856991265782   k=        27
        18        0.066709746998010   k=        27
        19       -0.367646171587902   k=        27
        20       -0.028877068563114   k=        27
        21        0.250688163174939   k=        27
        22        0.530230553066045   k=        27
        23        0.227833186663589   k=        27
        24        0.061654710119944   k=        27
        25        0.511613175803197   k=        27
        26        0.511142800118303   k=        27
        27       -0.066292113546136   k=        27
        28       -0.402662461296291   k=        27
        29       -0.385624202752604   k=        27
        30       -0.170723379405971   k=        27
         1        0.681338291426993   k=        28
         2        0.017744540805119   k=        28
         3       -0.106549694688329   k=        28
         4        0.012625774545572   k=        28
         5        0.054055953985093   k=        28
         6       -0.413058922511837   k=        28
         7        0.196595020357138   k=        28
         8       -0.032869313983738   k=        28
         9       -1.018996757662016   k=        28
        10        0.210798641286057   k=        28
        11        0.275320820514684   k=        28
        12        0.011585729247895   k=        28
        13        0.983636262936674   k=        28
        14        0.219855902247846   k=        28
        15        0.336963157940617   k=        28
        16       -0.009291122260807   k=        28
        17       -0.007519649491154   k=        28
        18        0.291973446964084   k=        28
        19       -0.289989003326107   k=        28
        20        0.006045911091181   k=        28
        21       -0.660920383179691   k=        28
        22       -0.128346497337299   k=        28
        23        0.010667126936790   k=        28
        24       -0.020405787519612   k=        28
        25       -0.355850923653254   k=        28
        26       -0.036445443810032   k=        28
        27        0.356989618032545   k=        28
        28       -0.355295156111339   k=        28
        29       -0.055035376815713   k=        28
        30        0.371527054740041   k=        28
         1       -0.634722108595695   k=        29
         2        0.022496174478736   k=        29
         3       -0.440783350318444   k=        29
         4       -0.057114733494569   k=        29
         5        0.781069896305408   k=        29
         6        0.182966678789401   k=        29
         7       -0.257380220945501   k=        29
         8       -0.023761868486587   k=        29
         9       -0.094954679011810   k=        29
        10       -0.223936598625149   k=        29
        11       -0.054434667120219   k=        29
        12       -0.031013225949242   k=        29
        13       -0.289661498257928   k=        29
        14       -0.163305176533022   k=        29
        15        0.149033246845581   k=        29
        16        0.008042861981172   k=        29
        17        1.061653439558288   k=        29
        18        0.353949091571640   k=        29
        19       -0.113946832062168   k=        29
        20       -0.021759475653579   k=        29
        21       -0.823570091473479   k=        29
        22        0.487341833489689   k=        29
        23        0.307273729871708   k=        29
        24        0.057827048387064   k=        29
        25        0.243968203851816   k=        29
        26       -0.250930550530156   k=        29
        27        0.023353174800387   k=        29
        28        0.032966704603393   k=        29
        29       -0.464962914802133   k=        29
        30        0.413146762556351   k=        29
         1        1.009160167062863   k=        30
         2       -0.478701006706695   k=        30
         3        0.225317571441192   k=        30
         4       -0.007575820563707   k=        30
         5       -0.975138650771645   k=        30
         6        0.030895470972821   k=        30
         7        0.518208221438759   k=        30
         8        0.081948300313468   k=        30
         9        0.643530396468392   k=        30
        10        0.182167707518975   k=        30
        11       -0.326905241549861   k=        30
        12        0.026162551660557   k=        30
        13       -0.533010723371136   k=        30
        14       -0.371305868397471   k=        30
        15       -0.034119780118512   k=        30
        16       -0.020723255169718   k=        30
        17        0.673277076551544   k=        30
        18        0.288796001550020   k=        30
        19        0.222587796580025   k=        30
        20        0.017752734305975   k=        30
        21       -0.804376762729844   k=        30
        22        0.209205926461325   k=        30
        23       -0.306347756287444   k=        30
        24       -0.032526740802844   k=        30
        25       -0.156163051524485   k=        30
        26        0.133054568508212   k=        30
        27       -0.067552448253375   k=        30
        28        0.028573526237651   k=        30
        29       -0.108713935215192   k=        30
        30        0.149257688816975   k=        30
